3913.7051703856187 312.5358064514652 22393561032.0 29996531032.581413 1080.0
3069.0901388000943 316.59655806748395 29996531032.581413 34079680029.109474 1365.0
3004.186983870972 318.5734869899823 34079680029.109474 38310480095.55366 1348.0
2628.071212222222 320.52506339919074 38310480095.55366 41586309187.3477 1222.0
2080.023020430108 321.8641405589376 41586309187.3477 42895915197.78652 1420.0
2358.6988733333333 322.399474804927 42895915197.78652 45083731209.67887 1319.0
1926.0272806451608 323.29379937716806 45083731209.67887 45914709987.23774 1385.0
1263.215483870968 323.63348275810233 45914709987.23774 45298974609.90435 1314.0
924.9735511111111 323.38178550616067 45298974609.90435 43532679547.17266 1475.0
05.9336731182796 319.41066568585666 35808788907.568344 32812710018.548107 1734.0
666.6080266666668 317.96006101411257 32812710018.548107 29999223791.854343 1718.0
1234.8478107526885 316.5978618145901 29999223791.854343 29089032367.70707 1597.0
1968.6852881720472 316.157176511914 29089032367.70707 30626221253.534653 1400.0
2200.9747440476203 316.90143374335946 30626221253.534653 30611826901.353138 2191.0
2021.1620473118282 316.8944644627448 30611826901.353138 30803758837.8751 1879.0
1813.2352244444444 316.9873917100199 30803758837.8751 30611121569.47427 1763.0
1938.2918419354842 316.8941229638202 30611121569.47427 30872691869.183826 1695.0
1832.1387233333332 317.0207668583247 30872691869.183826 30706770449.051926 1733.0
1370.504125806452 316.9404330633543 30706770449.051926 29353520149.43115 1689.0
1037.8018537634412 316.285232957021 29353520149.43115 27539461727.280956 1574.0
792.4685833333333 315.40692443462814 27539461727.280956 25553420108.944016 1457.0
621.8453086021506 314.34433385356226 25553420108.944016 23033422504.834656 1486.0
539.7429444444444 312.90202753252896 23033422504.834656 21078736735.00945 1265.0
632.7361118279568 311.78327423020227 21078736735.00945 20888047751.77414 723.0
1322.8168193548388 311.6741344733139 20888047751.77414 23353165780.498253 407.0
3437.7682738095236 313.0850307809628 23353165780.498253 27096240231.338604 1876.0
2960.0503967741924 315.19233089539006 27096240231.338604 29456596511.884468 2011.0
1826.68491 316.33513920397235 29456596511.884468 29398655746.048653 1727.0
1802.4170182795697 316.3070861557319 29398655746.048653 29251448102.260033 1715.0
2144.092991111111 316.2358129671057 29251448102.260033 30041706629.23377 1679.0
1590.987858064516 316.61843063292037 30041706629.23377 29252597256.02472 1700.0
1124.9969731182796 316.2363693502589 29252597256.02472 27517116713.01701 1632.0
858.5484555555556 315.39610570011473 27517116713.01701 25585688484.260498 1502.0
639.0048548387097 314.3628024749659 25585688484.260498 23547155104.18115 1323.0
551.0899255555555 313.19605946896814 23547155104.18115 22030317632.45879 1107.0
653.2797763440865 312.32790615410875 22030317632.45879 21587501817.097702 838.0
1690.95579655173 312.07446303634254 21587501817.097702 26129176076.047832 0.0
3747.141476190476 314.67386451239 26129176076.047832 30074534951.139526 2101.0
4048.830824500764 316.63432504654764 30074534951.139526 35439513831.33103 1973.0
3233.8167619047636 319.2318746157311 35439513831.33103 38896327971.99157 1763.0
2406.255947311828 320.76454338683396 38896327971.99157 40213701576.452484 1749.0
2313.6246833333335 321.30305283136084 40213701576.452484 41169573542.880875 1757.0
2070.496421832632 321.69378943025515 41169573542.880875 41405923923.37746 1763.0
1851.8080279569892 321.79040356589894 41405923923.37746 41209921807.20384 1755.0
1829.116342222222 321.71028279351566 41209921807.20384 41095497421.73543 1747.0
1483.9385860599077 321.6635089610582 41095497421.73543 40196181100.8642 1721.0
1122.7399966666667 321.29589089829574 40196181100.8642 38569814590.67045 1712.0
2215.1249354070646 320.63107286714967 38569814590.67045 40045311886.30843 1690.0
3225.1527261075244 321.23421932946246 40045311886.30843 44481789757.64495 1575.0
2735.56338347619 323.04774073755755 44481789757.64495 46596312465.0741 1842.0
3284.7561775430104 323.91210483652026 46596312465.0741 50320741159.566734 1805.0
3199.9684320000006 325.43455831566973 50320741159.566734 53557341248.60709 1787.4055555555556
2114.0419150537646 326.65762130705474 53557341248.60709 53381661879.08816 1985.2016129032259
1176.1874277777779 326.5952849743948 53381661879.08816 51274540358.31802 1773.9055555555556
1019.33771827957 325.82444761887916 51274540358.31802 48639952459.88116 1760.0
802.1219311827956 324.74749385197487 48639952459.88116 45596773357.028824 1756.0
766.6549133499336 323.5035182001753 45596773357.028824 42917912834.03898 1669.0
469.83803303225807 322.4084668895104 42917912834.03898 39554904737.334694 1626.0
399.1708211111111 321.03375312876466 39554904737.334694 36645646956.68639 1484.0
458.3838602150538 319.81584533586056 36645646956.68639 33875545745.056705 1517.0
1422.1977273492287 318.4746517599771 33875545745.056705 35372322144.82316 869.0
1880.6091041125503 319.1993425703608 35372322144.82316 35284018566.941025 1900.0
1572.3794340629797 319.1565888287697 35284018566.941025 34440996087.06899 1812.0
1865.5614 318.74842456040915 34440996087.06899 35763869719.930374 1222.0
1937.1502860215057 319.388917265387 35763869719.930374 36511467630.53733 1500.0
1928.7364107111111 319.75088003802523 36511467630.53733 36973556929.01485 1572.0
1563.9986535869693 319.97460875811703 36973556929.01485 36332123805.37949 1597.0
1158.5017303970224 319.66404754787425 36332123805.37949 35157786785.47257 1439.0
885.0549133499336 319.09547147548784 35157786785.47257 33860828644.75186 1270.0
598.2617188172043 318.4675262151408 33860828644.75186 32190738571.73639 1133.0
505.53119555555554 317.65892251948117 32190738571.73639 30825842716.575897 998.0
693.4027354838707 316.9980840111242 30825842716.575897 28990762644.09718 1401.0
1253.520432258064 316.1095974843116 28990762644.09718 30923935432.779446 537.0
1191.3628178571428 317.045577337455 30923935432.779446 29439871222.803806 1789.0
1117.7684354838705 316.3270413589638 29439871222.803806 27820980067.39926 1654.0
1971.1433399102575 315.54322652628997 27820980067.39926 31102565940.608307 583.0
1074.8608247311822 317.13206446238416 31102565940.608307 31474788762.366936 789.0
980.788652222222 317.31228273572526 31474788762.366936 33486937626.46408 37.0
816.1066999999999 318.2865002548969 33486937626.46408 33793888984.546146 504.0
570.959335483871 318.4351161927695 33793888984.546146 32903442557.525192 751.0
508.51885555555555 318.0039907802485 32903442557.525192 31772880631.04519 833.0
229.083782795699 317.45660919485096 31772880631.04519 28821203469.853233 1246.0
149.10936333333333 316.0275024062425 28821203469.853233 26599903139.677055 974.0
1485.950661290326 314.943282474632 26599903139.677055 27219496049.777657 1276.0
2993.627159139785 315.25200738345 27219496049.777657 35251956451.78588 0.0
2845.994321428567 319.14106538771466 35251956451.78588 37367881400.23774 1954.0
3729.4125107526825 320.13975258219284 37367881400.23774 42363048464.319176 1784.0
4367.651880222222 322.1816521859868 42363048464.319176 48838394654.880325 1717.0
2138.027854690397 324.8286120676715 48838394654.880325 49308558820.782936 1777.0
2122.726648888889 325.0208034422059 49308558820.782936 49663940862.56885 1777.0
2232.766652688172 325.16607474965343 49663940862.56885 50233946292.765305 1777.0
1457.425201075269 325.39907874074066 50233946292.765305 48875853050.27397 1777.0
1037.40704 324.8439241246521 48875853050.27397 46633053160.06919 1766.0
779.4610626622177 323.9271235154936 46633053160.06919 43708601477.7153 1767.0
581.7748215164697 322.7316806694571 43708601477.7153 40663543449.024925 1717.0
966.0386368412925 321.4869369596777 40663543449.024925 38812621094.91111 1683.0
1867.0990002898775 320.73032610501883 38812621094.91111 39868212983.50719 1479.0
2745.474768410784 321.1618257188338 39868212983.50719 41987519111.517 1851.0
2859.1331320942036 322.0281451607236 41987519111.517 44548664925.97397 1819.0
2229.623169884564 323.0750776369971 44548664925.97397 45324617724.461914 1779.0
1796.29230352035 323.39226777127476 45324617724.461914 44920548006.78254 1770.0
1512.739361307189 323.22709415728946 44920548006.78254 43767785766.50737 1761.0
1026.861029381998 322.7558737293258 43767785766.50737 41253454492.07551 1743.0
747.8773815501389 321.7280778684053 41253454492.07551 38232765627.15605 1709.0
580.207141422298 320.4932956644595 38232765627.15605 35169140693.017204 1643.0
377.8910225806452 319.100968670968 35169140693.017204 31830369986.39711 1535.0
305.96858444444445 317.4844436847086 31830369986.39711 29428425340.53569 1199.0
355.899035483871 316.3214996322919 29428425340.53569 27293206171.99343 1175.0
578.6464806451615 315.28769544494696 27293206171.99343 27619115885.265514 462.0
1267.3025416666667 315.44549040634524 27619115885.265514 26683491134.307938 1639.0
1819.0844677419338 314.99112358877517 26683491134.307938 27031326816.362404 1623.0
1090.05706 315.1609019155429 27031326816.362404 29546247117.863335 0.0
1205.2383021505384 316.37854513307997 29546247117.863335 30086567733.135277 860.0
896.9122022222223 316.64015093112 30086567733.135277 29803864730.046295 845.0
715.0822322580644 316.50327526389384 29803864730.046295 30822977284.992474 147.0
523.0972129032258 316.99669666165994 30822977284.992474 29892477141.023575 725.0
361.7079322222222 316.5461785324991 29892477141.023575 29735287918.92054 315.0
263.47009784946243 316.4700725859013 29735287918.92054 28497746835.74484 642.0
212.80367222222222 315.8708951465793 28497746835.74484 26674993767.089573 884.0
366.31189892473054 314.98626016889284 26674993767.089573 24661409327.8318 1139.0
688.1834892473119 313.83379654752275 24661409327.8318 26517682225.783943 0.0
1985.5262333333349 314.89622380138735 26517682225.783943 27138343919.268692 1714.0
2502.0790137634403 315.21271614179756 27138343919.268692 29386325661.257072 1595.0
1584.987581111111 316.301116326744 29386325661.257072 30942829660.905453 861.0
1217.5757118279575 317.0547253127266 30942829660.905453 32834613558.041866 363.0
821.9457488888888 317.97066600079495 32834613558.041866 31358289031.805145 1225.0
629.7359774193549 317.25587732729986 31358289031.805145 30397975732.62604 799.0
480.8536795698925 316.7909246308831 30397975732.62604 30449393129.44255 316.0
353.7748966666667 316.8158192744469 30449393129.44255 29480404987.68227 620.0
227.7115924731183 316.3466664993136 29480404987.68227 28375435896.799107 557.0
202.2065311111111 315.8116761386652 28375435896.799107 26333730057.590805 958.0
381.0988408602152 314.79093982233906 26333730057.590805 24573797983.592457 1059.0
1276.5680247311825 313.78365269207444 24573797983.592457 28006165727.091393 0.0
3076.6608214285684 315.6328874441229 28006165727.091393 31008433998.520355 1820.0
1848.7955182795706 317.0864888150094 31008433998.520355 31275763479.29072 1678.0
1389.7240844444445 317.2159211190523 31275763479.29072 31167309784.443447 1306.0
1371.0802139784946 317.1634113413593 31167309784.443447 31358147777.089615 1153.0
1242.2470844444445 317.2558089363269 31358147777.089615 31209947819.3284 1135.0
1039.1246795698926 317.18405530131133 31209947819.3284 31873854135.23547 600.0
767.5194376344086 317.50549730572067 31873854135.23547 30617582081.214462 1089.0
541.1739111111111 316.8972509350317 30617582081.214462 30122162090.22385 624.0
396.80505806451606 316.6573845696833 30122162090.22385 28801237246.056725 806.0
320.4273577777778 316.01783540527583 28801237246.056725 26793185841.34864 1063.0
1188.8614591397845 315.04560174365673 26793185841.34864 27099203246.09328 1096.0
3132.0255268817177 315.1937654914754 27099203246.09328 35095201967.78536 152.0
2689.3666892857073 319.0651699272709 35095201967.78536 37108127609.2717 1840.0
3359.8683602150513 320.03357171655745 37108127609.2717 41123591615.84735 1781.0
2559.3147200000008 321.67499316630904 41123591615.84735 43096521952.70267 1652.0
2386.502289247312 322.48147783868484 43096521952.70267 44588529499.221664 1655.0
2051.5837744444443 323.0913732794202 44588529499.221664 44977517672.090614 1704.0
1943.704147311828 323.2503819343605 44977517672.090614 45023830758.67895 1697.0
1700.8706569892474 323.269313568066 45023830758.67895 44500357907.25933 1719.0
1236.8876599999999 323.0553309336119 44500357907.25933 43125109159.39177 1637.0
872.7770946236559 322.49316357517034 43125109159.39177 40900358387.50434 1603.0
673.9065666666667 321.58374099502834 40900358387.50434 38219254150.583374 1670.0
679.9442247311827 320.48777251011717 38219254150.583374 36242646887.65466 1443.0
1905.1050569892434 319.62072571301184 36242646887.65466 37600411603.75543 1404.0
2920.7751214285727 320.2348051248489 37600411603.75543 40036120298.17731 1896.0
3324.9917319354854 321.2304620376798 40036120298.17731 43891450232.92639 1803.0
3044.4994355555555 322.80642467622005 43891450232.92639 46850116878.76671 1751.0
2492.7492086021502 324.0158537452378 46850116878.76671 48286911091.79948 1774.0
2127.089481111111 324.60317935350844 48286911091.79948 48670138849.69213 1773.0
2204.503013978495 324.7598332946009 48670138849.69213 49169306832.83898 1778.0
1746.1473666666661 324.96388070561613 49169306832.83898 48604396101.30469 1771.0
1280.374442222222 324.7329593001654 48604396101.30469 46980846226.24018 1770.0
902.4537645161291 324.0692926391498 46980846226.24018 44400161479.41389 1761.0
697.8066133333334 323.01437313506494 44400161479.41389 41564130709.699875 1752.0
668.1053301075268 321.85507455090607 41564130709.699875 38768290987.48851 1738.0
824.8411064516129 320.71220506369605 38768290987.48851 36691811154.8924 1606.0
1591.3283000000008 319.8381965502529 36691811154.8924 36009501056.08989 1856.0
2018.211005376345 319.5078440283189 36009501056.08989 36279103082.38381 1841.0
1891.2220911111112 319.63837662553686 36279103082.38381 36521389930.92761 1662.0
2075.23631827957 319.75568409553966 36521389930.92761 37008231127.20154 1734.0
1978.9377088888887 319.99139688544665 37008231127.20154 37209244682.867294 1722.0
1652.586182795699 320.0749058521054 37209244682.867294 36498158824.853134 1711.0
1220.3679247311827 319.74443634397846 36498158824.853134 34796420079.17171 1698.0
885.0563436781609 318.9205093827693 34796420079.17171 33092444441.865482 1428.0
624.2968462365591 318.0954993908519 33092444441.865482 31109745172.06664 1277.0
491.83432777777773 317.1355404144798 31109745172.06664 28972647675.639843 1283.0
924.0013021505378 316.1008268014137 28972647675.639843 28989050869.187313 940.0
1925.75028259459 316.1087686981637 28989050869.187313 32082715936.07088 776.0
2920.11692451438 317.60662144672744 32082715936.07088 34261327126.368053 2003.0
3540.1595592049016 318.66143465012493 34261327126.368053 38499551314.347595 1881.0
3044.5211176880352 320.60235099373796 38499551314.347595 41442072098.86045 1767.0
3363.4901576312063 321.8051800376865 41442072098.86045 45234973777.66543 1774.0
3048.5086329333335 323.355623563564 45234973777.66543 48004950593.986305 1778.0
2497.694890146109 324.4879209404495 48004950593.986305 49288729342.47737 1779.0
2055.679149751861 325.01269764646844 49288729342.47737 49536494062.45706 1776.0
1876.9160244610448 325.11397767916213 49536494062.45706 49439291122.125916 1775.0
1282.5952758064516 325.074243543586 49439291122.125916 47850884183.94849 1767.0
955.493648888889 324.4249424379133 47850884183.94849 45644317795.41111 1765.0
880.7815645161292 323.52295317975654 45644317795.41111 43384451066.15369 1752.0
1564.5940752688173 322.5991760728248 43384451066.15369 43100294830.47984 1677.0
3624.332236904758 322.4830200969396 43100294830.47984 47336077886.984436 1854.0
1565.9652882392472 324.2145024745814 47336077886.984436 46455803242.749725 1807.0
2347.5683399102577 323.8546681738996 46455803242.749725 47553713349.67116 1769.0
1759.457041935484 324.3034664189962 47553713349.67116 47049384041.31874 1766.0
2012.4447440444446 324.09730918707675 47049384041.31874 47195592770.62827 1753.0
1760.0954277805176 324.15707566587884 47195592770.62827 46626311048.146286 1738.0
1366.663020719603 323.9243675084397 46626311048.146286 45150404595.79081 1738.0
1058.8354689054893 323.3210537930743 45150404595.79081 43071365806.65895 1730.0
650.1813797188884 322.47119463414316 43071365806.65895 40214145298.9436 1617.0
659.7136530673283 321.3032342140388 40214145298.9436 37510095960.98552 1665.0
746.7346631476046 320.19788634459144 37510095960.98552 35237503960.07081 1620.0
1430.4211854070666 319.13406795781486 35237503960.07081 35500303991.14714 1338.0
1998.3906468864438 319.26130724854613 35500303991.14714 35759653228.80509 1874.0
2443.377859718779 319.38687577651064 35759653228.80509 37191146880.242905 1832.0
2503.0766732435914 320.0675079221595 37191146880.242905 39225782599.42749 1579.0
2348.57349096454 320.8992162145091 39225782599.42749 40608919508.998566 1666.0
2295.5919662666665 321.46460805654664 40608919508.998566 41593304100.61283 1727.0
2180.431449285894 321.86699990486966 41593304100.61283 42386800607.71122 1663.0
1987.1791497518611 322.19136146929196 42386800607.71122 42867294775.33777 1635.0
1521.088246683267 322.3877754906681 42867294775.33777 42117458237.22951 1682.0
983.9367560629744 322.0812610317057 42117458237.22951 39947285377.86092 1695.0
876.180319733995 321.1941485397987 39947285377.86092 38045205198.70003 1572.0
992.6346098963295 320.41662564328925 38045205198.70003 36863460954.726524 1459.0
1600.3778881720432 319.9213038417384 36863460954.726524 37680995889.347984 1301.0
1074.055438095238 320.2677459692116 37680995889.347984 35643088152.822105 1899.0
3338.608483936084 319.33043872994193 35643088152.822105 39482714469.08777 1827.0
3072.501673243591 321.00424354915697 39482714469.08777 43253274388.95846 1473.0
2410.9337060183034 322.54555432168894 43253274388.95846 44705487888.7135 1694.0
2278.2447440444444 323.1391829494673 44705487888.7135 45601954682.02683 1734.0
1899.2100413210446 323.5056361964955 45601954682.02683 45514295147.11749 1701.0
1839.1287311827955 323.4698031668282 45514295147.11749 45322586891.55724 1732.0
2028.9549133499336 323.39143761747806 45322586891.55724 45904888911.00056 1671.0
1549.9367560629744 323.6294681472955 45904888911.00056 45246299594.746956 1691.0
1130.1786399999999 323.3602532748659 45246299594.746956 43741609984.62447 1670.0
1416.3723296255107 322.7451737231058 43741609984.62447 43298400495.50179 1609.0
2107.4683301075274 322.56400074758216 43298400495.50179 44741635191.98046 1575.0
2843.3282340381893 323.15395906471474 44741635191.98046 47094877965.00978 1851.0
3119.315473183396 324.11590596743827 47094877965.00978 50407528717.311386 1793.0
1385.1072077777778 325.4700349028388 50407528717.311386 49117056092.255486 1723.0
1485.1172408602151 324.94252190717623 49117056092.255486 48122253746.06654 1672.0
1355.4588622222223 324.5358715408366 48122253746.06654 46809684496.85943 1658.0
1145.1322483870968 323.9993259968086 46809684496.85943 45098474116.26173 1552.0
862.4804397849463 323.2998259093589 45098474116.26173 42725323556.2777 1573.0
656.1748344444444 322.329741200277 42725323556.2777 39971582676.48749 1592.0
355.8026516129032 321.2040806689552 39971582676.48749 36431099798.63839 1582.0
367.77198640066166 319.71196852843923 36431099798.63839 33864306009.13329 1322.0
604.9948249500928 318.46920984271003 33864306009.13329 31757728086.448467 1415.0
