3934.258933826479 312.5358064514652 22393561032.0 31808820083.923466 424.0
3223.1079959429517 317.4740099176544 31808820083.923466 26870031841.81842 5249.0
3129.0498870967785 315.0828080961646 26870031841.81842 18932865847.84957 6031.0
2649.437878888889 310.55509721145233 18932865847.84957 23098066496.13583 938.0
1940.8939881720435 312.9390261539239 23098066496.13583 27197214925.825863 278.0
2200.476651111111 315.24121958256313 27197214925.825863 31812633523.098907 260.0
1836.8444849462362 317.475856261789 31812633523.098907 35506922372.98706 260.0
1161.5972043010754 319.26451165536315 35506922372.98706 37494079958.20942 260.0
795.373551111111 320.1913394024565 37494079958.20942 38567275646.21131 260.0
610.5868989247313 320.6300350100332 38567275646.21131 39247703564.44581 260.0
596.8274711111112 320.9081769578059 39247703564.44581 40021441301.78385 260.0
1183.2859827956995 321.224461630379 40021441301.78385 42565125109.21167 260.0
1950.8170086021548 322.2642560740748 42565125109.21167 45889572693.47316 716.0
2200.2574821428584 323.6232072599018 45889572693.47316 36301742405.1559 6145.0
1975.8851655913982 319.64933785472834 36301742405.1559 28137148274.44248 4952.0
1759.5741133333333 315.69630496486997 28137148274.44248 29817862795.298946 990.0
1656.2622720430109 316.5100526751714 29817862795.298946 33112224848.644268 279.0
1572.7442788888889 318.10507642521753 33112224848.644268 36066654483.26748 260.0
1253.2326204301078 319.5355158725997 36066654483.26748 38170387800.194786 260.0
920.4550795698926 320.467797165906 38170387800.194786 39498116768.25512 260.0
667.096361111111 321.01053962457627 39498116768.25512 40231313437.77577 260.0
452.9178892473119 321.3102521206332 40231313437.77577 40484615185.22312 260.0
432.36516666666665 321.4137955519375 40484615185.22312 40830771106.59735 260.0
605.7549290322579 321.5552954516681 40830771106.59735 41827629388.93685 260.0
1296.1743462365594 321.9627862333847 41827629388.93685 43296560306.6953 754.0
3438.464702380952 322.5632485243338 43296560306.6953 36184833727.590294 6360.0
2980.961687096773 319.5927344473663 36184833727.590294 26549859964.19087 6507.0
1779.7043544444446 314.91464054727044 26549859964.19087 28282935127.30928 993.0
1576.035297849462 315.76689025240114 28282935127.30928 31375162475.59333 278.0
1639.38188 317.2640469040347 31375162475.59333 34510702704.89329 261.0
1386.944847311828 318.7821742543301 34510702704.89329 36983315711.32721 260.0
1013.5856827956991 319.97933364545713 36983315711.32721 38566504689.86923 260.0
737.9234555555556 320.6297198623256 38566504689.86923 39486714696.44267 260.0
518.7844247311829 321.0058787422439 39486714696.44267 39918613399.756744 260.0
468.3204811111111 321.1824281508748 39918613399.756744 40358622573.27328 260.0
578.5862279569898 321.36229291726664 40358622573.27328 41282263088.864555 260.0
1675.1520331108695 321.73985410363724 41282263088.864555 43798383864.06864 742.0
3751.701 322.76838146780295 43798383864.06864 36176639184.30711 6884.0
4110.040501920119 319.5887669140637 36176639184.30711 31650047771.067238 5726.0
3279.552873015875 317.39713748962293 31650047771.067238 37625350798.70769 842.0
2037.6161623655917 320.24499964520004 37625350798.70769 41902156242.66403 275.0
1826.2191277777779 321.9932509508096 41902156242.66403 45456620530.42647 260.0
1710.8458841982238 323.44622722322924 45456620530.42647 48712851012.5187 260.0
1621.493511827957 324.7772929605608 48712851012.5187 51853218642.20887 260.0
1583.8968977777777 326.05294726947886 51853218642.20887 52900390004.960144 1035.6583333333333
1528.4977258448541 326.4245152151016 52900390004.960144 52932694411.09557 1402.5913978494623
1247.9233299999999 326.4359777915712 52932694411.09557 52759596432.708885 1269.9916666666666
2297.0066558371723 326.3745574142496 52759596432.708885 53683921735.54246 1982.282258064516
3271.9027261075244 326.70253587706645 53683921735.54246 54515619454.70456 2968.532258064516
2781.1586215714287 326.9976472827835 54515619454.70456 46078799818.59799 6248.0
3271.680908725806 323.70055858506527 46078799818.59799 40105807090.263916 5418.0
3135.093432 321.2589482587262 40105807090.263916 45020569101.54512 1092.0
1925.410194623657 323.267980284049 45020569101.54512 48939990006.96566 281.0
1103.3152055555556 324.870141711527 48939990006.96566 50583442163.39371 260.0
893.6844924731183 325.5419439283528 50583442163.39371 51621531487.94951 260.0
608.1299956989249 325.9662889308964 51621531487.94951 52005289719.57871 272.5752688172043
565.5493577943781 326.1069066688827 52005289719.57871 52068075047.194336 397.90277777777777
311.85953840860213 326.1291847945336 52068075047.194336 51835045790.50785 286.1720430107527
316.84026555555556 326.0464989942368 51835045790.50785 51867607160.984764 260.0
419.3112795698926 326.0580527493958 51867607160.984764 52084061777.80791 368.44354838709677
1386.7891251986912 326.1348573681568 52084061777.80791 52876866030.421875 1097.8225806451612
1886.9275564935028 326.4161682002739 52876866030.421875 43032806337.08988 5936.0
1553.0111544930871 322.4554324855252 43032806337.08988 30850614398.068398 6024.0
1885.6669555555554 317.0100776595664 30850614398.068398 32179084888.740105 1247.0
1750.8411462365596 317.6532801824054 32179084888.740105 35698153850.04848 284.0
1885.6447440444445 319.3570997627813 35698153850.04848 39444172440.176384 260.0
1458.6303740170767 320.9884885298445 39444172440.176384 42071233298.32023 260.0
980.1683970636891 322.062365430571 42071233298.32023 43536350768.31636 260.0
698.5438022388225 322.66126887926816 43536350768.31636 44334406315.42535 260.0
439.78591236559146 322.9874940654416 44334406315.42535 44538970208.61209 260.0
458.17008444444446 323.07111467854423 44538970208.61209 44946842464.000015 260.0
666.7629505376342 323.23784267502384 44946842464.000015 46110812499.96495 260.0
1236.598389247311 323.7136445700906 46110812499.96495 47509437584.5464 721.0
1191.9669845238095 324.2853675914483 47509437584.5464 37061421196.18767 5492.0
1125.7361774193544 320.0144793007989 37061421196.18767 24853151283.44441 5613.0
1934.7433399102576 313.94353896717286 24853151283.44441 26897822288.69358 1031.0
1041.9226526881716 315.09626333334637 26897822288.69358 28561680425.02998 282.0
917.04143 315.9018497264598 28561680425.02998 29852402382.468285 260.0
677.4050870967741 316.52677562819224 29852402382.468285 30463821771.221718 262.0
435.6475075268818 316.82280515697767 30463821771.221718 30543654289.538425 260.0
335.99385555555546 316.8614574850094 30543654289.538425 30459311104.753574 260.0
47.75044946236568 316.8206212378975 30459311104.753574 29661040769.636333 261.0
95.81769666666668 316.43412451323536 29661040769.636333 29126651178.581745 269.0
1449.5608763440894 316.17539032564235 29126651178.581745 32363003291.549644 264.0
2963.7239333333337 317.7423275353683 32363003291.549644 38795010238.36673 568.0
2863.012178571424 320.723127226475 38795010238.36673 32901293376.35443 5282.0
3727.9340161290265 318.00295021611043 32901293376.35443 26113587528.42839 6193.0
4265.387991333333 314.6649424956664 26113587528.42839 33825571827.679558 1167.0
1822.8826934000745 318.45045600255617 33825571827.679558 37550954632.02953 275.0
1887.2655377777778 320.21458834937846 37550954632.02953 41287141208.08854 261.0
1852.858050537634 321.7418481570058 41287141208.08854 44952795151.09166 260.0
1418.3230505376346 323.2402759849128 44952795151.09166 47571826197.63424 260.0
970.1348177777777 324.31087049910104 47571826197.63424 49055936054.16273 260.0
657.1411701890995 324.91753756131465 49055936054.16273 49826023036.16702 260.0
520.4581548498029 325.2323298962394 49826023036.16702 50388557231.37966 260.0
929.1784217875291 325.4622798329662 50388557231.37966 52185932699.3486 287.8360215053763
1827.8651293221355 326.17100423998886 52185932699.3486 53248955769.408676 1438.032258064516
2759.445006506022 326.54819684889867 53248955769.408676 47246563347.0151 5220.0
2821.9180783307625 324.1779111651513 47246563347.0151 41479643303.639755 4890.0
2134.998169884564 321.820538208328 41479643303.639755 44168990000.625946 950.0
1555.5745615848664 322.91987600516114 44168990000.625946 47116111329.31802 277.0
1326.8754724183002 324.12458563672897 47116111329.31802 49348397945.045815 260.0
929.5142551884496 325.03708868171924 49348397945.045815 50491121904.83489 260.0
627.5763062813216 325.50420571120105 50491121904.83489 50966834090.90823 260.0
386.2626969778536 325.6986649778886 50966834090.90823 50926769543.0533 260.0
205.91790430107528 325.682287590838 50926769543.0533 50484090524.83204 260.0
235.33247333333333 325.50133145857694 50484090524.83204 50307212811.564705 260.0
328.5495731182796 325.4290282647083 50307212811.564705 50569648219.96483 260.0
555.9636849462368 325.53630530861074 50569648219.96483 50328142641.524605 653.0
1270.775755952381 325.43758385673436 50328142641.524605 39977247524.12973 5530.0
1810.7376935483853 321.20639631726243 39977247524.12973 29303508375.599384 5721.0
1069.28206 316.2610188707269 29303508375.599384 28575679266.74532 1229.0
1034.0017430107534 315.90862751367547 28575679266.74532 30202752762.45325 284.0
917.451091111111 316.69640397136305 30202752762.45325 31483628633.583443 260.0
585.6924473118279 317.3165627159792 31483628633.583443 31842748420.249386 260.0
351.132159139785 317.49043692275075 31842748420.249386 31688408063.861954 260.0
209.93848777777777 317.41571030495885 31688408063.861954 31272965300.903286 260.0
135.0668720430108 317.2145663314144 31272965300.903286 30707873336.303223 260.0
190.25644999999997 316.94096704575543 30707873336.303223 30439971043.228695 260.0
233.2097483870961 316.8112574044876 30439971043.228695 30428867867.550774 260.0
638.4684354838711 316.80588160528265 30428867867.550774 30524636084.842304 608.0
1987.356590476192 316.85224948428504 30524636084.842304 23437255398.876957 4902.0
2488.3612718279564 313.13315899660995 23437255398.876957 17212771453.65405 4754.0
1594.0820255555557 309.4843081204661 17212771453.65405 18357283018.199547 1055.0
996.3956043010758 310.22566564686326 18357283018.199547 19948094543.956146 285.0
778.6957488888888 311.13615759155 19948094543.956146 20942357893.39643 260.0
543.7763 311.7052185745172 20942357893.39643 21274749365.199493 261.0
294.87518494623646 311.89546094619936 21274749365.199493 21035748358.015366 261.0
190.67211888888892 311.7586700767029 21035748358.015366 20620162141.827953 260.0
111.28954946236558 311.5208116654235 20620162141.827953 20029396684.82227 261.0
152.45097555555554 311.1826904102692 20029396684.82227 19676528620.237434 261.0
295.45905591397866 310.98072837696736 19676528620.237434 19821282478.391903 260.0
1119.0868419354836 311.0635774258195 19821282478.391903 21100187273.356693 646.0
3046.610226190473 311.7955513240366 21100187273.356693 14808065149.058952 5635.0
1924.2417548387102 307.83136180166275 14808065149.058952 5654094743.585732 5297.0
1435.0713066666667 300.76471630516966 5654094743.585732 6618642849.432193 994.0
1192.6366655913976 301.576079112914 6618642849.432193 8839646871.80709 278.0
1200.40264 303.444353021372 8839646871.80709 11004842972.63008 262.0
922.1354322580646 305.21710405047435 11004842972.63008 12437807948.121702 261.0
584.2398677419354 306.2020950976916 12437807948.121702 13023514256.094425 265.0
395.95168888888884 306.6046977289624 13023514256.094425 13179929401.190075 260.0
260.2002193548387 306.71221432581115 13179929401.190075 13013136616.817013 263.0
277.14958 306.5975643503004 13013136616.817013 12973814854.695679 269.0
1054.5792010752684 306.57053536891374 12973814854.695679 15145414553.70175 260.0
2976.979827956987 308.063248937106 15145414553.70175 21464237115.761593 622.0
2617.896451190469 312.00391318438733 21464237115.761593 12826767491.336836 6176.0
3389.7581451612878 306.4694579951449 12826767491.336836 7343991774.494512 5392.0
2490.7591644444456 302.18623130425175 7343991774.494512 11243958190.122847 909.0
1962.8168053763443 305.38146699898465 11243958190.122847 15475954841.62979 281.0
1871.1809966666667 308.2904556238863 15475954841.62979 19146493440.189095 329.0
1694.3439322580648 310.67736575102396 19146493440.189095 22560122393.25703 262.0
1535.2013021505377 312.6311369009026 22560122393.25703 25626110717.343525 260.0
1261.7432155555555 314.38593791056746 25626110717.343525 27957945684.371445 260.0
849.4625784946236 315.60954085618835 27957945684.371445 29314824429.59357 260.0
673.2232333333333 316.26649773874 29314824429.59357 30299830783.971035 260.0
705.1888483870966 316.7434060152857 30299830783.971035 31553347947.344444 260.0
1887.9383903225767 317.3503185568628 31553347947.344444 34664164495.00855 732.0
2952.5965500000016 318.8564754986969 34664164495.00855 24179293850.476406 7271.0
3304.927215806453 313.5578604913441 24179293850.476406 15015258963.938618 6669.0
2935.2883244444447 307.9737826257483 15015258963.938618 19799374130.820618 993.0
2108.5529720430104 311.05103830747515 19799374130.820618 24376113128.614388 275.0
1887.10337 313.6705088877143 24376113128.614388 28180461231.960182 268.0
1752.3121537634408 315.7172757005714 28180461231.960182 31675442625.007133 261.0
1659.2522053763437 317.4094328580455 31675442625.007133 35015017156.67256 260.0
1328.2494422222221 319.0263470304409 35015017156.67256 37477033703.35266 260.0
866.7602161290324 320.18437131898867 37477033703.35266 38846079497.18065 260.0
681.9566133333333 320.74400306466026 38846079497.18065 39840840752.4397 260.0
658.9870505376343 321.15063663405357 39840840752.4397 40979464294.62816 260.0
818.9271279569891 321.61607751517704 40979464294.62816 41362694786.81391 682.0
1591.9354428571437 321.7727325739803 41362694786.81391 29737911086.820286 6380.0
1971.469069892474 316.4713426391112 29737911086.820286 18439396762.372974 6127.0
1846.5998688888888 310.2726629821274 18439396762.372974 20281392921.13402 1035.0
1831.2175010752692 311.3269190253743 20281392921.13402 24103895841.355736 279.0
1770.4654866666667 313.5147068689078 24103895841.355736 27626960144.702354 261.0
1584.7071505376343 315.44928834351816 27626960144.702354 30681877819.851402 260.0
1100.9942688172043 316.92838085593655 30681877819.851402 32536944489.80848 260.0
751.6785659003832 317.82654424799483 32536944489.80848 33518805289.017826 260.0
498.82103978494615 318.30192954828016 33518805289.017826 33918115531.2739 260.0
440.2982166666667 318.4952626761276 33918115531.2739 34293454900.874126 260.0
909.8588290322582 318.676989881318 34293454900.874126 36099265012.218124 260.0
1886.0083471107191 319.5513048379094 36099265012.218124 39061269047.67993 786.0
2966.7508530858086 320.831967181229 39061269047.67993 29038434204.271774 7093.0
3536.0520323231813 316.13267851470505 29038434204.271774 25974656190.945526 4613.0
2967.2294510213687 314.58542593346243 25974656190.945526 30788690388.091057 990.0
2718.7912329000237 316.98009605310887 30788690388.091057 36932949864.569595 272.0
2722.1002995999997 319.9549481284834 36932949864.569595 42832792811.929756 260.0
2120.6142449848185 322.37367194928316 42832792811.929756 47201704470.16911 260.0
1781.620009966915 324.15957397608764 47201704470.16911 50778300617.41165 260.0
1760.5771355721558 325.62159720019554 50778300617.41165 52952114339.0821 778.2972222222222
1406.0361360215056 326.44286856704764 52952114339.0821 52833520994.28719 1336.534946236559
1015.2519822222223 326.40078807568074 52833520994.28719 52562546546.731155 1075.1583333333333
911.8702741935484 326.30463817856156 52562546546.731155 52525156045.48924 955.9354838709677
1584.776870967742 326.29137090232916 52525156045.48924 53062774344.06852 1391.1048387096773
3634.585213095234 326.4821340704581 53062774344.06852 47977445674.4283 5716.0
1538.5996968413979 324.4766776159265 47977445674.4283 37994948810.01532 5182.0
2270.957228799147 320.3960820861215 37994948810.01532 40865960346.07022 1022.0
1589.3871494623659 321.56967993435217 40865960346.07022 43913990605.079506 280.0
1953.7725218222222 322.81563861769155 43913990605.079506 47785787593.5497 260.0
1642.96370735041 324.39833257673376 47785787593.5497 50843858152.7414 260.0
1201.7490422249793 325.6483954841564 50843858152.7414 52424116340.17944 419.60215053763443
868.4771355721559 326.2555189710563 52424116340.17944 52338888175.08055 757.475
495.608799073727 326.22527745057414 52338888175.08055 52050846780.44264 490.2231182795699
577.7636530673283 326.1230716864872 52050846780.44264 52162238567.77022 490.3833333333333
708.371759921798 326.1625968483173 52162238567.77022 52338028795.9878 672.7688172043011
1387.095916589862 326.22497251698314 52338028795.9878 52890241344.559166 1187.9623655913979
1985.625765934063 326.4209141646622 52890241344.559166 43251019093.01737 5950.0
2415.170870471467 322.5446324130061 43251019093.01737 32344376370.050224 6409.0
2468.954451021369 317.7333089813354 32344376370.050224 35258618506.52086 1214.0
1994.2751038677657 319.14429093953754 35258618506.52086 39411824442.445656 283.0
2039.478077377778 320.97526547586006 39411824442.445656 43532570986.746574 260.0
1896.1680084256786 322.6597237989153 43532570986.746574 47297407747.93488 260.0
1722.2920529776675 324.19869508704244 47297407747.93488 50715007059.69651 260.0
1579.1715800166003 325.5957243737688 50715007059.69651 52783229318.67745 637.8916666666667
987.8991216543723 326.3829430741338 52783229318.67745 52479159561.396935 987.997311827957
900.430319733995 326.27504996412557 52479159561.396935 52450038924.30612 867.1111111111111
1021.0136421543939 326.2647170848243 52450038924.30612 52610618385.74972 991.1747311827957
1602.6924043010756 326.32169551521326 52610618385.74972 53081503992.8414 1433.9381720430108
1100.2697238095238 326.4887799140748 53081503992.8414 42222377316.68918 5569.0
3327.8584839360847 322.1241493323433 42222377316.68918 34251782202.857224 6225.0
3055.2711176880357 318.6568133063122 34251782202.857224 38912808657.124886 1121.0
2020.2428458032496 320.77128027951693 38912808657.124886 43135957446.11695 275.0
2050.739188488889 322.49759808398295 43135957446.11695 47263074870.875 260.0
1649.8955251920122 324.1846606639358 47263074870.875 50343460672.12451 260.0
1522.6206666666667 325.4438454852669 50343460672.12451 52626901902.135025 478.14247311827955
1687.0104689054892 326.3274733973689 52626901902.135025 53024221052.60255 1389.0333333333333
1562.8346055253398 326.4684542012251 53024221052.60255 52966827600.98976 1470.3494623655913
1338.62864 326.44808927561064 52966827600.98976 52836190453.62638 1344.286111111111
1565.654587690027 326.4017352802719 52836190453.62638 53080264200.82512 1504.779569892473
2188.1645666666673 326.4883399985186 53080264200.82512 53588740174.93708 2005.4112903225807
2918.8966864191416 326.6687625920117 53588740174.93708 45671778820.485085 6171.0
3120.4471936135037 323.5341785613101 45671778820.485085 37765431033.322075 5990.0
1344.2655411111111 320.3022609483535 37765431033.322075 37785996010.16318 1198.0
1346.2865956989247 320.31066739753226 37785996010.16318 40186067515.13936 286.0
1294.639417777778 321.2917567169121 40186067515.13936 42377348018.46723 260.0
1007.8956892473118 322.18749748676953 42377348018.46723 43780144706.01058 260.0
688.3272139784946 322.76092575528435 43780144706.01058 44456124936.97032 260.0
483.8776122222223 323.03724959952456 44456124936.97032 44695144022.59957 260.0
325.5069526881721 323.13495463520894 44695144022.59957 44592932458.36704 260.0
456.13587528955054 323.0931730992098 44592932458.36704 44995467119.62838 260.0
733.755577638265 323.2577192204503 44995467119.62838 46338992186.026306 260.0
