3919.5304392028233 312.5358064514652 22393561032.0 30239825408.507065 995.0
3095.712162609618 316.7143533497178 30239825408.507065 25968534936.70633 4846.0
2982.165478494628 314.58192246835296 25968534936.70633 23310536183.930183 3911.0
2576.7156566666663 313.06063197340325 23310536183.930183 27377285833.217545 894.0
1976.1950634408604 315.32840410245836 27377285833.217545 29973498921.93179 866.0
2288.957206666667 316.58540666308306 29973498921.93179 33230925384.450783 867.0
1847.0595387096769 318.1625473924909 33230925384.450783 35324523376.63943 866.0
1136.1563440860216 319.1761999499561 35324523376.63943 35626733303.468994 866.0
791.8291066666666 319.3225202398901 35626733303.468994 35131430475.80626 866.0
608.1352860215054 319.0827106012425 35131430475.80626 34196987187.220547 866.0
603.3330266666668 318.63028332875984 34196987187.220547 33424565359.677765 866.0
1181.7322193548391 318.25630161696415 33424565359.677765 34334185631.224407 866.0
1925.7605569892517 318.69671038599034 34334185631.224407 37040666152.23492 921.0
2105.370577380954 320.0059951569294 37040666152.23492 30682106895.19184 4717.0
1892.3125849462367 316.92849176682085 30682106895.19184 26135164270.666706 3522.0
1705.3991133333334 314.6772918215812 26135164270.666706 27908377533.099957 904.0
1648.0741000000003 315.58554155761595 27908377533.099957 29627854729.610733 865.0
1563.8387233333333 316.41805690404317 29627854729.610733 31019471542.847527 865.0
1262.6277817204304 317.09183283763315 31019471542.847527 31574187870.974907 865.0
903.9335741935488 317.36040857508226 31574187870.974907 31290135879.205616 862.0
662.2685833333333 317.22287977108823 31290135879.205616 30484207190.854263 864.0
454.8936956989247 316.8326751190347 30484207190.854263 29159536843.95724 865.0
453.53183333333334 316.19131250312637 29159536843.95724 28006035036.77825 866.0
626.029122580645 315.6328241680925 28006035036.77825 27421333516.279465 866.0
1293.4512279569894 315.3497305685482 27421333516.279465 28435174774.789467 920.0
3353.714702380952 315.8405997747601 28435174774.789467 25671700218.066692 4481.0
2815.8003967741924 314.4120308024649 25671700218.066692 21109750966.763287 4457.0
1701.2182433333332 311.80102504965845 21109750966.763287 22912714505.99167 899.0
1566.718093548387 312.83294099472965 22912714505.99167 24447257673.554962 865.0
1642.6985466666665 313.7112280640768 24447257673.554962 26077876824.800724 865.0
1385.5254924731182 314.6445036771982 26077876824.800724 26997218817.853447 866.0
996.1286935483872 315.1443879238179 26997218817.853447 26982227814.370544 864.0
720.8845666666666 315.13712976390553 26982227814.370544 26349669273.95134 863.0
530.838188172043 314.80006254232563 26349669273.95134 25245953597.64568 864.0
475.30936999999994 314.16835714150966 25245953597.64568 24154496093.40241 866.0
599.7770881720435 313.5436676358759 24154496093.40241 23495495430.721928 866.0
1670.6735384872136 313.1664923481696 23495495430.721928 25559057998.40981 905.0
3623.364690476191 314.347560667588 25559057998.40981 22252474398.30861 4976.0
4028.102329877108 312.45505631771323 22252474398.30861 22109280713.50252 4021.0
3056.95842857143 312.37310022521893 22109280713.50252 27413687273.93299 898.0
2012.307022580645 315.34602850485766 27413687273.93299 30103432901.270103 867.0
1817.5913500000001 316.6483165010507 30103432901.270103 32142268099.560463 867.0
1691.4372820476863 317.635454681689 32142268099.560463 33832023659.703903 865.0
1592.0365225806452 318.4535797713295 33832023659.703903 35366048784.402435 864.0
1567.16912 319.1963052117761 35366048784.402435 36879714591.76991 865.0
1695.5676183179723 319.92917332805746 36879714591.76991 38843850096.91987 867.0
1302.201107777778 320.74309174148516 38843850096.91987 39875512612.65445 866.0
2354.5819246543765 321.164809625012 39875512612.65445 43933822999.37651 866.0
3281.57745729032 322.8237456054135 43933822999.37651 50258027119.69765 927.0
2704.102073952381 325.40892238167226 50258027119.69765 44000105934.801056 5271.0
3266.019618403225 322.8508404148253 44000105934.801056 41992327523.29133 3932.0
3095.2517653333334 322.0301107194269 41992327523.29133 47206420682.47866 933.0
1917.2704096774205 324.1615018459512 47206420682.47866 49529326945.417046 866.0
1091.9429833333334 325.11104794062555 49529326945.417046 49573828129.64329 866.0
922.4533096774194 325.12923891387516 49573828129.64329 49078869675.04259 866.0
590.8342967741935 324.9269122530491 49078869675.04259 47848598974.57939 865.0
575.9438022388225 324.4240083013678 47848598974.57939 46744364823.06673 866.0
299.2735169032258 323.97262494470635 46744364823.06673 44944780471.67423 866.0
347.55137666666667 323.2369997840336 44944780471.67423 43495835404.10188 866.0
439.676870967742 322.6447072097432 43495835404.10188 42426203223.719475 866.0
1369.8617058438522 322.20746827512716 42426203223.719475 43629231168.758 927.0
1796.9841041125503 322.699236068439 43629231168.758 32578838201.970806 6347.0
1500.984272772657 317.8468278309145 32578838201.970806 22764982018.171986 5098.0
1817.5947333333334 312.74838714410026 22764982018.171986 24717430814.323605 954.0
1751.0884580645165 313.86586012724564 24717430814.323605 26737426481.308796 863.0
1893.7169662666665 315.01860486167755 26737426481.308796 29010791276.837425 861.0
1482.2271482106253 316.119294701674 29010791276.837425 30193993130.58545 855.0
979.6065691066997 316.6921628404113 30193993130.58545 30144542774.447174 853.0
697.5715800166004 316.66822057443943 30144542774.447174 29442767775.186302 861.0
458.41763279569886 316.3284437761142 29442767775.186302 28133957632.505054 864.0
468.10064 315.69476015905155 28133957632.505054 27019604748.705074 866.0
698.9027354838707 315.15522646882204 27019604748.705074 26629232040.31838 866.0
1271.1817225806444 314.96006870439464 26629232040.31838 27599314389.396088 914.0
1200.1991273809522 315.4359031613228 27599314389.396088 16196603175.509005 5900.0
1136.8678978494618 308.785814665596 16196603175.509005 4077129864.639703 5617.0
1797.9211176880356 299.2914596484614 4077129864.639703 6514120594.842853 791.0
939.3312548387091 301.48815662419486 6514120594.842853 6806513184.415244 748.0
916.3525411111111 301.73411270559825 6806513184.415244 7237159618.752861 657.0
649.9346569892472 302.09636576274636 7237159618.752861 6819132261.690596 698.0
277.04266881720434 301.74472767638844 6819132261.690596 5309232129.207374 760.0
186.9049666666666 300.4746232580816 5309232129.207374 3535397492.5154924 815.0
24.667116129032365 298.7167382691656 3535397492.5154924 1228045705.166435 846.0
70.51769666666667 296.26887938167454 1228045705.166435 42491983.26555344 513.7222222222222
1429.5178655914012 295.01113089673834 42491983.26555344 1637807040.2451138 843.7311827956989
2967.7078043010756 296.70359329540116 1637807040.2451138 7327929684.084079 846.0
2841.637178571424 302.172720124566 7327929684.084079 5406436049.337147 3627.0
3583.356059139779 300.55638967810995 5406436049.337147 4522719117.838976 3876.0
4171.946324666666 299.76418323556015 4522719117.838976 12815809419.632685 897.0
1799.6945213570636 306.46192563901064 12815809419.632685 15037159084.311468 867.0
1877.53776 307.9888363241074 15037159084.311468 17341104920.18835 866.0
1850.3849322580645 309.5725219412898 17341104920.18835 19602478034.87452 856.0
1418.0596096774195 310.9383459448687 19602478034.87452 20771306603.978516 861.0
965.168151111111 311.6073183401892 20771306603.978516 20810787389.77417 859.0
689.8938583611425 311.629914943781 20810787389.77417 20154058319.415047 864.0
544.1914881831362 311.2540397890425 20154058319.415047 19248648220.214573 866.0
952.1112174864538 310.73583345937186 19248648220.214573 19528691317.705555 866.0
1791.8006131931031 310.8961145362326 19528691317.705555 21931822971.546024 899.0
2588.974768410784 312.2715332941541 21931822971.546024 15797199287.288649 5112.0
2696.404637470547 308.5112725373169 15797199287.288649 15882348867.326637 2612.0
2109.7065032178975 308.5698026308267 15882348867.326637 18793812709.504276 890.0
1548.3863895418558 310.47551093721626 18793812709.504276 20312277067.74524 863.0
11313.9199168627447 312.193518359376 21795515277.50175 23138559455.368507 655.0
939.7884487368367 312.9622020692356 23138559455.368507 23459973997.994583 654.0
628.1515750985259 313.14616185782654 23459973997.994583 22723870541.36248 775.0
392.20714142229804 312.7248572237651 22723870541.36248 20530264590.76783 1146.0
210.89908709677422 311.4693593124816 20530264590.76783 18169192169.698425 1023.0
227.63802888888893 310.11801291763874 18169192169.698425 16048130243.764132 1020.0
329.77000322580653 308.68375738504545 16048130243.764132 14597830743.644156 888.0
559.8991688172046 307.6868509373413 14597830743.644156 12531795334.16309 1335.0
1262.2430178571428 306.2667001197162 12531795334.16309 5009393871.944513 4362.0
1798.1893064516112 300.2224039972615 5009393871.944513 361180098.4997319 3500.8252688172042
1076.68206 295.34922565085907 361180098.4997319 973930324.8508074 787.0
1035.3942161290329 295.9992895447176 973930324.8508074 1435350913.6410685 799.0
912.5622022222221 296.4888085228528 1435350913.6410685 1718770912.4253654 730.0
583.0741677419355 296.78948749461637 1718770912.4253654 1046811946.6988631 750.0
346.5004387096774 296.0766093217684 1046811946.6988631 85325047.50513256 643.5779569892474
202.84126555555554 295.05657229737443 85325047.50513256 60704437.72508849 167.32222222222222
126.8061193548387 295.0304524058191 60704437.72508849 48714204.65126767 95.89247311827957
179.8175611111111 295.01773202275757 48714204.65126767 62157969.01280782 160.70555555555555
197.6344795698918 295.03199445046977 62157969.01280782 69683045.22384739 204.2311827956989
633.3743494623657 295.03997776917447 69683045.22384739 147530476.35047045 606.513440860215
1963.933971428573 295.1225657504249 147530476.35047045 387661399.3211785 1857.9642857142858
2475.7429922580636 295.377319540973 387661399.3211785 476311589.1792482 2412.814516129032
1542.25147 295.47136811922263 476311589.1792482 2380717588.527643 752.0
1013.0219483870974 297.4917436755014 2380717588.527643 2926841269.7053313 740.0
770.05686 298.0711237743532 2926841269.7053313 2915547921.89271 696.0
549.4402784946237 298.0591427136566 2915547921.89271 2211659137.9581637 723.0
292.21389462365596 297.3123903436857 2211659137.9581637 828698533.2978489 743.0
182.66656333333333 295.8452138057478 828698533.2978489 57165205.179168515 434.78055555555557
113.05299032258063 295.0266976503068 57165205.179168515 46167080.292090915 81.7741935483871
153.9731977777778 295.0150297902526 46167080.292090915 57525238.17976766 135.66944444444445
271.15529247311844 295.0270796076594 57525238.17976766 83044433.88082762 271.0403225806452
1114.3368419354836 295.054152804881 83044433.88082762 1172479825.6590335 709.8548387096774
3042.6786785714257 296.2099297959464 1172479825.6590335 2305758915.7030983 2567.0
1878.0643354838717 297.412220364633 2305758915.7030983 367864401.6658696 2571.3387096774195
1397.1740844444444 295.3563169973116 367864401.6658696 1924310694.195504 742.0
1189.2710741935482 297.00754370273233 1924310694.195504 2880545010.866372 764.0
1193.6609733333335 298.0220082865122 2880545010.866372 3910646636.1281962 716.0
938.1676903225807 299.1148383578699 3910646636.1281962 4006214896.242798 807.0
588.3151365591398 299.21622628500194 4006214896.242798 3174782345.0505886 826.0
382.37946666666664 298.33416331959535 3174782345.0505886 2062185516.6028621 760.0
251.9098967741935 297.15381446700917 2062185516.6028621 719748157.0899416 715.0
275.8912466666667 295.7296288532675 719748157.0899416 79762432.63482195 508.7083333333333
1054.7619967741932 295.0506709448704 79762432.63482195 1147795967.7575016 665.7096774193549
2972.4986451612876 296.1837428047502 1147795967.7575016 7113119335.708852 748.0
2600.6434749999926 301.992025013214 7113119335.708852 4052836593.974551 3857.0
3302.32266129032 299.2656870294659 4052836593.974551 2931756584.981895 3686.0
2328.9230533333343 298.0763384096986 2931756584.981895 6727829365.052472 799.0
1920.4001387096778 301.6679251051922 6727829365.052472 9552852820.87449 779.0
1761.28933 304.04429073088363 9552852820.87449 11977558744.13131 720.0
1699.9649000000002 305.88572913399184 11977558744.13131 13707338749.616014 924.0
1591.8572161290324 307.07474481001924 13707338749.616014 13941058957.149792 1401.0
1321.2598822222221 307.2353993381563 13941058957.149792 14186438003.410444 1149.0
898.040535483871 307.4040679154595 14186438003.410444 13736899599.786448 1005.0
709.9565666666667 307.09506433859394 13736899599.786448 13084673540.821339 938.0
711.7157301075267 306.6467373802731 13084673540.821339 12702781602.325829 870.0
1869.6615086021468 306.3842326108921 12702781602.325829 14742137810.388165 1112.0
2836.551907142859 307.7860446868217 14742137810.388165 8452080515.630346 5426.0
3157.475602903228 303.1183382533903 8452080515.630346 3517648760.519691 4961.0
2843.4355466666666 298.6979087211115 3517648760.519691 8958990484.309118 675.0
2052.703509677419 303.54474300497066 8958990484.309118 12441956339.437658 658.0
1830.15337 306.2049466177053 12441956339.437658 15189001285.605831 655.0
1717.1159172043012 308.09320957217886 15189001285.605831 17514974581.20083 706.0
1614.859732258064 309.6920364182024 17514974581.20083 19762418245.266026 659.0
1397.199442222222 311.0298868162008 19762418245.266026 21011818147.23222 825.0
924.8489258064517 311.7449737564287 21011818147.23222 20530604513.105797 1033.0
719.6677244444445 311.4695538651018 20530604513.105797 19403117800.80873 1127.0
685.882211827957 310.8242432467999 19403117800.80873 18551833745.10549 1022.0
823.3652999999999 310.3370156508159 18551833745.10549 16354172556.428642 1648.0
1598.6913952380962 308.89412466072906 16354172556.428642 8646130168.161682 4774.0
1838.9287473118288 303.28156979152226 8646130168.161682 1862578321.9980633 4334.0
1807.2776466666667 296.9420521133016 1862578321.9980633 4572428404.633328 701.0
1793.948683870968 299.81691958904446 4572428404.633328 7208325970.864617 730.0
1722.82382 302.0721113483047 7208325970.864617 9590202635.428 706.0
1626.363064516129 304.0757088117665 9590202635.428 11397452702.407984 830.0
1134.3706129032257 305.48697601210336 11397452702.407984 11142624726.735403 1133.0
759.0285659003832 305.31181243245493 11142624726.735403 10081448419.330492 1098.0
506.47157741935484 304.4889370956683 10081448419.330492 8764132975.167542 945.0
445.13155 303.38083191047065 8764132975.167542 7675541817.95666 845.0
926.2486139784947 302.4651260245261 7675541817.95666 8138043844.599892 767.0
1831.1777019494289 302.85417550858 8138043844.599892 10059643710.475464 1117.0
2642.985972133428 304.4705953150029 10059643710.475464 5633927163.984454 4463.0
3303.4740753339343 300.747751652073 5633927163.984454 7347908586.069341 2624.0
2791.518339910258 302.1895260649977 7347908586.069341 12683751435.98796 654.0
2914.4982221473356 306.3711516607011 12683751435.98796 18462745425.083298 649.0
2678.378077377778 310.286026456664 18462745425.083298 23369300754.217922 649.0
2072.205642834281 313.09426554156244 23369300754.217922 26722007937.298542 649.0
1744.668397063689 315.01113970044474 26722007937.298542 29281514388.087845 649.0
1702.138246683267 316.2503700920344 29281514388.087845 31704059571.928337 659.0
1527.6759209677418 317.4232882598665 31704059571.928337 33513166167.82108 764.0
1096.52976 318.2991992678518 33513166167.82108 33835268404.91423 937.0
980.5315645161292 318.45515077220597 33835268404.91423 34361551181.48832 808.0
1625.3655806451616 318.70995990195036 34361551181.48832 35451723912.16368 1224.0
3583.8203321428527 319.2377863426763 35451723912.16368 32940580199.83102 4605.0
1522.5244280241936 318.02197162769005 32940580199.83102 23827701575.57394 4857.0
2288.037784354702 313.35662864902355 23827701575.57394 26537940013.525024 1129.0
1617.1989774193553 314.9078182311842 26537940013.525024 27088614306.348816 1275.0
1966.2614107111112 315.18863866870765 27088614306.348816 29322301046.67863 948.0
1657.3669331568617 316.2701176753552 29322301046.67863 29839125108.70709 1279.0
1190.904956203474 316.5203472008846 29839125108.70709 29010304576.172443 1357.0
878.0326911277116 316.1190590569248 29010304576.172443 28278556683.30952 1055.0
492.4421324070604 315.7647703511715 28278556683.30952 26327028803.94204 1140.0
587.7275419562172 314.7871043978606 26327028803.94204 25035597953.861095 1055.0
698.8018674486798 314.0479612831165 25035597953.861095 24291833454.04523 997.0
1397.9077445468515 313.6222718944856 24291833454.04523 24467715900.534477 1337.0
1969.9471945054913 313.72293721413376 24467715900.534477 15770250913.540127 5552.0
2373.958504880069 308.49274877202373 15770250913.540127 9934916944.60377 4504.0
2383.31556213248 304.3656771068336 9934916944.60377 12972095546.686684 1129.0
1988.4068242978733 306.5693535514756 12972095546.686684 15474393288.263348 950.0
2012.8502995999997 308.2893822437884 15474393288.263348 18454670725.80079 738.0
1905.7432772428833 310.281404948375 18454670725.80079 20656614998.274776 930.0
1819.9694723325065 311.5416752508441 20656614998.274776 20761033244.829292 1659.0
1565.338246683267 311.60143844140873 20761033244.829292 20374356788.84348 1624.0
981.4609496113615 311.380126367241 20374356788.84348 19507011023.967247 1235.0
897.7469864006616 310.8837059432047 19507011023.967247 18826755581.258045 1133.0
1019.1372980683725 310.49436560282624 18826755581.258045 18910801097.677837 1006.0
1601.84831827957 310.5424685769676 18910801097.677837 18718223599.550903 1678.0
1069.5107952380952 310.4322479393034 18718223599.550903 9897993014.122454 4704.0
3255.0708495274826 304.3346172729832 9897993014.122454 6092793293.130724 4634.0
2745.3350065769246 301.13374267591746 6092793293.130724 10728538606.394892 882.0
2012.054673760239 305.02717803574023 10728538606.394892 13443890057.012072 900.0
2020.0697440444446 306.893655524479 13443890057.012072 16255015998.21515 817.0
1687.7073531490014 308.8259664546434 16255015998.21515 17455494186.34849 1095.0
1670.0991612903226 309.65115080172427 17455494186.34849 16170424540.260902 2038.0
1722.8049133499337 308.7678200029289 16170424540.260902 16981792620.345095 1327.0
1618.0066485360926 309.32553795734475 16981792620.345095 17319137981.863842 1426.0
1350.42864 309.5574223136265 17319137981.863842 17656717060.61142 1194.0
1580.7352328513173 309.78946732238893 17656717060.61142 19142670431.42461 1044.0
2192.0462870967744 310.67517767366337 19142670431.42461 20332902751.805405 1752.0
2910.194305466761 311.356400384504 20332902751.805405 14519142358.548965 5301.0
3138.0574086672677 307.63276213812827 14519142358.548965 7686155355.663511 5643.0
1348.868318888889 302.47405396674253 7686155355.663511 7724619531.945563 1261.0
1366.816165591398 302.50640943131356 7724619531.945563 8000489435.284664 1178.0

1333.375305376344 313.64081598115195 24324233682.26866 25298521323.75475 838.0
1288.5338622222223 314.1984439810867 25298521323.75475 26072868028.482986 840.0
1007.6053666666667 314.641636921064 26072868028.482986 26072378345.222225 833.0
690.7089344086021 314.64135665362994 26072378345.222225 25288185755.188812 849.0
377.7942788888889 314.1925284770998 25288185755.188812 23781832975.728825 861.0
176.3886731182796 313.33037601632833 23781832975.728825 21738062439.864265 865.0
292.7192086228839 312.16063555395164 21738062439.864265 20184127762.65793 864.0
560.7071905414907 311.2712498641586 20184127762.65793 19416266915.30432 866.0
