2 5 15 0 4 0 0 4
1 4 4 0 2 0 0 4
3 8 13 2 31 0 0 6
6 14 31 1 41 0 23 54
7 19 47 3 65 0 0 91
8 22 47 7 78 0 0 79
12 32 55 13 101 0 0 111
14 41 58 16 82 0 0 161
13 40 56 8 54 0 0 231
9 27 57 0 30 0 0 304
4 9 28 0 10 0 0 204
1 2 22 0 3 0 0 66
2 5 15 0 2 0 1 5
1 4 4 0 2 0 0 4
3 8 13 3 21 0 0 6
6 14 31 1 42 0 21 56
7 19 47 4 60 0 0 99
8 22 47 8 64 0 0 84
12 32 55 17 67 0 0 120
14 41 58 19 63 0 0 178
13 40 56 8 47 0 0 277
9 27 57 0 26 0 0 349
4 9 28 0 8 0 0 265
1 2 22 0 2 0 0 84
2 5 15 0 2 0 0 5
1 4 4 0 1 0 0 4
3 8 13 2 19 0 0 6
6 14 31 1 38 0 16 52
7 19 47 4 58 0 0 100
8 22 47 8 66 0 0 92
12 32 55 16 78 0 0 136
14 41 58 19 70 0 0 199
13 40 56 8 52 0 0 292
9 27 57 0 29 0 0 316
4 9 28 0 9 0 0 259
1 2 22 0 2 0 0 81
2 5 15 0 2 0 0 5
1 4 4 0 2 0 0 4
3 8 13 3 24 0 0 6
6 14 31 1 64 0 16 49
7 19 47 4 69 0 0 86
8 22 47 9 68 3 114 69
12 32 55 17 88 0 20 50
14 41 58 19 106 0 23 65
13 40 56 8 103 0 24 90
9 27 57 0 74 0 15 119
4 9 28 0 21 0 1 82
1 2 22 0 4 0 0 23
2 5 15 0 2 0 0 3
1 4 4 0 2 0 0 4
3 8 13 3 18 0 0 6
6 14 31 1 31 0 12 45
7 19 47 4 42 0 0 93
8 22 47 9 42 0 0 81
12 32 55 17 49 0 0 109
14 41 58 20 48 0 0 178
13 40 56 9 36 0 0 254
9 27 57 0 20 0 0 338
4 9 28 0 6 0 0 239
1 2 22 0 1 0 0 59
2 5 15 0 1 0 0 5
1 4 4 0 1 0 0 4
3 8 13 3 19 0 0 6
6 14 31 1 44 0 12 45
7 19 47 4 63 0 0 92
8 22 47 9 61 0 0 78
12 32 55 17 67 0 0 113
14 41 58 19 60 0 0 164
13 40 56 9 44 0 0 237
9 27 57 0 24 0 0 291
4 9 28 0 7 0 0 199
1 2 22 0 2 0 0 67
2 5 15 0 1 0 1 6
1 4 4 0 1 0 0 4
3 8 13 4 13 0 0 6
6 14 31 1 27 0 16 58
7 19 47 5 31 0 0 140
8 22 47 10 33 0 0 128
12 32 55 26 31 0 0 217
14 41 58 2 26 0 0 198
12 40 47 0 16 0 0 166
8 27 43 0 6 0 0 154
4 9 28 0 1 0 0 176
1 2 22 0 0 0 0 104
2 5 15 0 1 0 1 5
1 4 4 0 1 0 0 4
3 8 13 3 16 0 0 6
6 14 31 1 40 0 16 63
7 19 47 4 67 0 0 170
8 22 47 9 68 0 0 138
12 32 55 14 98 0 0 194
14 41 58 19 86 0 0 247
13 40 56 9 60 0 0 229
8 27 57 0 32 0 0 213
4 9 28 0 9 0 0 246
1 2 22 0 2 0 0 58
2 5 15 0 2 0 0 4
1 4 4 0 1 0 0 4
3 8 13 3 19 0 0 6
6 14 31 1 38 0 19 66
7 19 47 4 52 0 0 163
8 22 47 9 46 0 0 135
12 32 55 17 46 0 0 182
13 41 58 20 41 0 0 239
12 40 56 9 30 0 0 288
8 27 57 0 16 0 0 275
3 9 28 0 5 0 0 283
1 2 22 0 1 0 0 95
2 5 15 0 1 0 1 5
1 4 4 0 1 0 0 4
3 8 13 3 12 0 0 6
6 14 31 1 24 0 13 56
7 19 47 4 38 0 0 153
8 22 47 9 35 0 0 129
11 32 55 18 36 0 0 170
13 41 58 20 32 0 0 242
12 40 56 13 14 0 0 273
8 27 42 0 3 0 0 261
3 8 28 0 0 0 0 260
1 2 22 0 0 0 0 80
2 5 15 0 0 0 1 6
1 4 4 0 0 0 0 4
3 8 13 3 10 0 0 6
6 14 31 1 22 0 20 60
7 19 47 4 33 0 0 93
8 22 47 9 30 0 0 79
11 32 55 17 32 0 0 152
13 41 58 20 29 0 0 220
12 40 56 9 22 0 0 313
8 27 57 0 11 0 0 309
3 7 28 0 1 0 0 280
1 2 22 0 0 0 0 73
2 5 15 0 0 0 1 5
1 4 4 0 1 0 0 4
3 8 13 3 13 0 0 6
6 14 31 1 29 0 24 58
7 19 47 4 44 0 0 116
8 22 47 9 46 0 0 79
12 32 55 18 53 0 0 109
14 41 58 20 49 0 0 157
12 40 56 9 36 0 0 236
8 27 57 0 19 0 0 342
3 9 28 0 3 0 0 257
1 2 22 0 0 0 0 67
2 5 15 0 1 0 1 5
1 4 4 0 1 0 0 4
3 8 13 3 20 0 0 6
6 14 31 1 56 0 20 59
7 19 47 4 73 0 0 121
8 22 47 9 68 0 0 103
12 32 55 17 88 0 0 135
14 41 58 19 105 0 0 181
13 40 56 9 83 0 0 262
9 27 57 0 44 0 0 328
4 9 28 0 12 0 0 217
1 2 22 0 2 0 0 62
2 5 15 0 2 0 1 4
1 4 4 0 1 0 0 4
3 8 13 2 22 0 0 6
6 14 31 1 53 0 15 45
7 19 47 4 71 0 0 85
8 22 47 9 68 0 0 73
12 32 55 17 88 0 0 101
14 41 58 19 105 0 0 135
13 40 56 8 82 0 0 203
9 27 57 0 43 0 0 255
4 9 28 0 12 0 0 175
1 2 22 0 2 0 0 41
2 5 15 0 2 0 1 5
1 4 4 0 1 0 0 4
3 8 13 2 18 0 0 6
6 14 31 1 40 0 14 48
7 19 47 4 67 0 0 100
8 22 47 9 67 0 0 87
12 32 55 17 84 0 0 110
14 41 58 20 79 0 0 156
13 40 56 9 56 0 0 220
8 27 57 0 30 0 0 282
3 9 28 0 8 0 0 167
1 2 22 0 2 0 0 49
2 5 15 0 2 0 1 5
1 4 4 0 2 0 0 4
3 8 13 2 26 0 0 6
6 14 31 1 62 0 24 52
7 19 47 3 85 0 0 86
8 22 47 6 97 0 0 75
12 32 55 13 108 0 25 55
14 41 58 18 108 0 19 60
13 40 56 8 103 0 21 84
9 27 57 0 63 0 16 116
4 9 28 0 17 0 2 87
1 2 22 0 4 0 0 31
2 5 15 0 2 0 0 4
1 4 4 0 2 0 0 4
3 8 13 3 19 0 0 6
6 14 31 1 37 0 15 46
7 19 47 4 57 0 0 89
8 22 47 9 63 0 0 73
12 32 55 17 77 0 0 99
14 41 58 19 74 0 0 137
13 40 56 9 54 5 0 190
9 27 57 0 29 1 52 181
4 9 28 0 9 0 4 108
1 2 22 0 2 0 0 34
2 5 15 0 2 0 0 4
1 4 4 0 1 0 0 4
3 8 13 3 18 0 0 6
6 14 31 1 43 0 12 41
7 19 47 4 70 0 0 78
8 22 47 9 68 0 0 64
12 32 55 17 88 0 0 85
14 41 58 19 106 0 0 117
13 40 56 9 93 1 82 136
9 27 57 0 50 0 21 126
4 9 28 0 14 0 2 88
1 2 22 0 3 0 0 29
2 5 15 0 2 0 0 4
1 4 4 0 1 0 0 4
3 8 13 3 22 0 0 6
6 14 31 1 67 0 12 44
7 19 47 4 71 0 0 85
8 22 47 9 68 0 0 73
12 32 55 17 88 0 0 98
14 41 58 19 106 0 0 138
13 40 56 9 102 0 31 101
9 27 57 0 75 0 15 110
4 9 28 0 22 0 1 78
1 2 22 0 4 0 0 25
2 5 15 0 2 0 0 3
1 4 4 0 1 0 0 4
3 8 13 3 19 0 0 6
6 14 31 1 36 0 11 45
7 19 47 4 50 0 0 99
8 22 47 9 51 0 0 82
12 32 55 18 59 0 0 107
14 41 58 25 49 0 0 151
13 40 56 0 30 0 0 214
8 27 46 0 14 0 0 267
3 9 28 0 3 0 0 178
1 2 22 0 1 0 0 51
