2 5 2 0 4 0 0 2
1 4 1 0 2 0 0 4
3 8 6 2 18 0 0 6
6 14 14 0 36 0 1 25
7 19 36 3 57 0 2 29
8 22 47 6 81 0 2 23
12 32 45 11 89 0 3 31
14 41 26 12 71 0 4 41
13 40 15 5 50 0 4 57
 77
11 27 11 0 29 0 14 98
5 9 6 0 9 0 1 66
1 2 4 0 2 0 0 23
2 5 3 0 2 0 0 3
1 4 1 0 2 0 0 5
3 8 4 3 20 0 0 7
6 14 7 1 43 0 7 33
8 19 18 3 64 0 12 39
9 22 17 7 67 0 12 31
13 32 11 15 67 0 17 42
16 41 11 17 62 0 23 60
16 40 11 8 45 0 26 85
11 27 11 0 26 0 16 105
5 9 5 0 8 0 2 76
1 2 4 0 2 0 0 32
2 5 3 0 1 0 2 5
1 4 1 0 1 0 0 5
3 8 4 3 17 0 0 7
6 14 7 1 37 0 8 33
8 19 16 3 59 0 11 38
9 22 26 7 80 0 13 32
13 32 16 14 79 0 17 43
16 41 11 17 69 0 22 60
16 40 11 8 51 0 25 85
11 27 11 0 28 0 18 112
5 9 5 0 8 0 2 80
1 2 4 0 2 0 0 30
2 5 3 0 1 0 0 7
1 4 1 0 1 0 0 5
3 8 2 3 21 0 0 7
6 14 6 1 57 0 7 32
7 19 16 3 74 0 11 37
9 22 20 7 83 0 12 30
13 32 18 14 102 0 16 40
16 41 11 17 115 0 21 55
16 40 11 8 111 0 22 76
11 27 10 0 68 0 14 98
5 9 5 0 18 0 1 64
1 2 4 0 3 0 0 22
2 5 3 0 2 0 0 3
1 4 1 0 2 0 0 5
3 8 3 3 16 0 1 7
6 14 7 1 33 0 7 32
8 19 14 4 42 0 10 36
9 22 10 8 41 0 12 31
13 32 11 16 48 0 16 41
17 41 11 17 47 0 21 57
16 40 11 8 35 0 23 80
11 27 10 0 20 0 15 101
5 9 5 0 6 0 1 71
1 2 4 0 1 0 0 25
2 5 3 0 1 0 1 4
1 4 1 0 1 0 0 5
3 8 3 3 18 0 1 7
6 14 6 1 43 0 11 36
8 19 14 4 63 0 13 39
9 22 8 8 60 0 14 32
13 32 10 16 66 0 18 43
17 41 10 17 59 0 25 61
16 40 10 8 43 0 30 87
12 27 10 0 23 0 22 112
5 9 4 0 6 0 2 78
1 2 3 0 2 0 0 24
2 5 2 0 1 0 1 5
1 4 0 0 1 0 0 5
3 8 2 3 13 0 1 8
6 14 4 1 27 0 23 49
8 19 6 4 32 0 25 53
9 22 6 9 32 16 21 77
14 32 8 16 36 1 58 73
17 41 7 19 32 1 48 86
16 40 8 8 24 0 46 114
12 27 4 0 9 0 20 120
5 9 1 0 1 0 2 88
1 2 0 0 0 0 0 27
2 5 1 0 0 0 0 6
1 4 0 0 1 0 0 5
3 8 4 3 15 0 1 8
6 14 9 1 40 0 8 36
8 19 18 3 69 0 11 41
9 22 10 8 73 0 12 33
13 32 24 13 102 0 16 44
17 41 11 17 82 0 20 60
16 40 11 8 56 0 22 82
12 27 10 0 30 0 14 102
5 9 5 0 8 0 1 69
1 2 4 0 2 0 0 24
2 5 4 0 2 0 0 4
1 4 1 0 1 0 0 5
3 8 4 3 18 0 1 8
6 14 7 1 39 0 7 35
8 19 16 3 55 0 11 41
10 22 14 7 50 0 12 33
14 32 11 16 45 0 17 44
17 41 11 17 40 0 21 60
16 40 11 8 29 0 23 83
12 27 10 0 16 0 16 107
5 9 5 0 4 0 2 78
1 2 4 0 1 0 0 27
2 5 2 0 1 0 1 5
1 4 1 0 1 0 0 5
4 8 2 3 10 0 1 8
6 14 5 1 23 0 0 78
8 19 13 4 38 0 23 53
10 22 4 9 31 0 26 44
14 32 9 16 33 4 143 102
17 41 9 18 30 1 50 83
16 40 8 8 19 2 121 158
12 27 8 0 10 1 38 149
5 9 3 0 2 0 3 88
1 2 3 0 1 0 0 27
2 5 1 0 0 0 0 7
1 4 0 0 0 0 0 5
4 8 2 3 10 0 1 7
6 14 5 1 21 0 16 43
8 19 15 4 33 2 55 56
10 22 7 8 28 0 18 35
14 32 8 16 29 0 36 57
17 41 10 18 27 2 115 109
16 40 9 8 19 1 62 119
12 27 8 0 9 1 44 152
5 5 4 0 2 0 2 85
1 2 3 0 1 0 0 27
2 5 3 0 1 0 0 6
1 4 0 0 1 0 0 5
3 8 2 3 11 0 1 7
6 14 4 1 26 0 10 36
8 19 14 4 44 0 17 45
9 22 8 8 45 0 19 35
13 32 9 16 51 1 48 56
17 41 9 18 47 0 33 66
16 40 8 8 32 1 61 109
12 27 9 0 17 0 30 132
5 9 4 0 4 0 2 81
1 2 3 0 1 0 0 26
2 5 3 0 1 0 5 5
1 4 0 0 1 0 0 5
3 8 3 3 19 0 1 7
6 14 8 1 56 0 8 34
8 19 16 3 77 0 12 40
9 22 9 8 74 0 13 33
13 32 11 16 96 0 17 43
16 41 11 17 106 0 21 58
16 40 11 8 74 0 23 81
12 27 10 0 39 0 15 102
5 9 5 0 10 0 1 67
1 2 4 0 2 0 0 24
2 5 4 0 2 0 0 3
1 4 1 0 1 0 0 5
3 8 4 2 21 0 1 7
6 14 9 1 54 0 7 31
8 19 17 3 75 0 11 37
9 22 11 8 74 0 12 30
13 32 22 14 107 0 16 40
16 41 11 17 105 0 20 55
16 40 11 8 74 0 22 76
12 27 11 0 39 0 14 94
5 9 5 0 10 0 1 64
1 2 4 0 2 0 0 22
2 5 3 0 1 0 0 3
1 4 1 0 1 0 0 5
3 8 4 2 17 0 1 7
6 14 7 1 41 0 8 33
8 19 14 4 69 0 11 38
9 22 9 8 73 0 12 32
13 32 11 16 82 0 17 41
17 41 11 17 76 0 21 57
16 40 11 8 53 0 27 83
12 27 10 0 28 0 19 107
5 9 4 0 7 0 2 70
1 2 4 0 2 0 0 25
2 5 4 0 2 0 1 4
1 4 1 0 2 0 0 4
3 8 6 2 25 0 0 7
6 14 11 1 60 0 7 31
8 19 47 3 110 0 11 37
9 22 40 6 104 0 12 31
13 32 29 13 114 0 16 40
16 41 14 17 117 0 20 54
16 40 11 8 104 0 21 75
11 27 11 0 55 0 14 94
5 9 5 0 15 0 1 63
1 2 4 0 3 0 0 22
2 5 3 0 2 0 0 3
1 4 1 0 2 0 0 5
3 8 3 3 17 0 1 7
6 14 7 1 38 0 7 32
8 19 14 4 57 0 11 37
9 22 9 8 63 0 12 31
13 32 11 16 76 0 17 40
16 41 11 17 73 0 21 55
16 40 11 8 53 0 22 75
11 27 10 0 28 0 15 96
5 9 5 0 8 0 1 64
1 2 4 0 2 0 0 22
2 5 3 0 1 0 0 3
1 4 1 0 1 0 0 5
3 8 3 3 17 0 1 7
6 14 8 1 43 0 8 32
7 19 16 3 73 0 12 37
9 22 10 8 74 0 12 30
13 32 11 16 98 0 17 40
16 41 11 17 113 0 22 54
16 40 11 8 82 0 23 74
11 27 10 0 44 0 14 93
5 9 5 0 12 0 1 64
1 2 4 0 2 0 0 23
2 5 3 0 2 0 0 3
1 4 1 0 1 0 0 5
3 8 3 3 21 0 1 7
6 14 7 1 61 0 9 34
7 19 16 4 75 0 12 37
9 22 9 8 74 0 12 31
13 32 11 16 96 0 17 41
16 41 11 17 115 0 21 55
16 40 11 8 113 0 23 76
11 27 10 0 69 0 14 95
5 9 5 0 18 0 1 64
1 2 4 0 3 0 0 22
2 5 3 0 2 0 0 3
1 4 1 0 1 0 0 5
3 8 3 3 18 0 1 7
6 14 6 1 37 0 8 33
8 19 13 4 50 0 12 39
9 22 9 8 51 0 13 32
13 32 10 16 58 0 19 43
17 41 10 18 54 0 23 58
16 40 10 8 40 0 24 79
12 27 3 0 16 0 15 99
5 9 1 0 3 0 2 70
1 2 1 0 1 0 0 23
