322.045903225806 1024.3303225820105 3644646452.0 4006433733.74893 197.0 56.18329032258064
643.509857142857 1025.6064681966452 4006433733.74893 5079502720.11721 211.0 59.67067857142857
785.285774193548 1028.481244906374 5079502720.11721 5896267973.278629 477.52150537634407 197.0
810.8132 1030.5512057287767 5896267973.278629 5896479126.828197 794.0694444444445 196.93333333333334
709.144935483871 1030.552020643848 5896479126.828197 5894654481.044598 692.239247311828 477.52150537634407
400.573266666667 1030.5449787004293 5894654481.044598 5889245391.794737 389.0388888888889 794.0694444444445
209.112838709677 1030.5241031415749 5889245391.794737 5874197986.240839 197.17741935483872 692.239247311828
155.613161290323 1030.4660153908912 5874197986.240839 5712019652.854853 196.0 376.4892473118279
113.363733333333 1029.8398442195169 5712019652.854853 5434673480.293092 196.0 203.75
89.1516451612903 1028.9937568258197 5434673480.293092 5080225179.307832 196.0 196.0
132.6879 1028.4822874160286 5080225179.307832 4898503856.053658 196.0 196.0
183.475935483871 1028.2200632843487 4898503856.053658 4885947314.525967 196.0 196.0
219.466193548387 1028.2019441768052 4885947314.525967 4977694824.188557 197.0 189.67741935483872
529.413142857143 1028.33433596564 4977694824.188557 5772318186.635812 213.0 217.0
573.648451612903 1030.072657091258 5772318186.635812 5892508331.066513 525.8494623655914 197.0
434.0214 1030.5366959603766 5892508331.066513 5889793898.406246 418.4194444444444 198.8
242.016225806452 1030.5262200195782 5889793898.406246 5886367302.59876 225.7258064516129 525.8494623655914
141.2042 1030.5129955932198 5886367302.59876 5709387154.205459 196.07777777777778 418.4194444444444
112.736064516129 1029.8296801320676 5709387154.205459 5441780363.072514 196.0 225.7258064516129
95.8503870967742 1029.0075144947905 5441780363.072514 5123147592.531096 196.0 189.75268817204304
70.4100666666667 1028.5442245202469 5123147592.531096 4737982097.520439 196.0 202.53333333333333
51.7662903225806 1027.9744652787274 4737982097.520439 4288179205.0975823 196.0 196.0
33.0551333333333 1026.5419719907566 4288179205.0975823 3850257058.0778766 196.0 196.0
89.5234193548387 1025.0555804517737 3850257058.0778766 3582636779.467201 196.0 196.0
197.699193548387 1024.1115935783675 3582636779.467201 3610285752.4753523 197.0 189.67741935483872
483.033035714286 1024.2091208200188 3610285752.4753523 4285522028.352961 214.0 217.0
883.652032258065 1026.5335096444362 4285522028.352961 5801534104.879029 315.0 197.0
711.757666666667 1030.185459864398 5801534104.879029 5894723833.780622 659.1555555555556 199.73333333333332
355.195741935484 1030.5452463567863 5894723833.780622 5888375598.899815 339.991935483871 315.0
161.613233333333 1030.5207463079323 5888375598.899815 5762708982.599452 196.625 659.1555555555556
116.846161290323 1030.0355559173724 5762708982.599452 5505686457.369276 196.0 339.991935483871
91.6212580645161 1029.1802336685655 5505686457.369276 5175488319.679874 196.0 190.28225806451613
67.8172333333333 1028.6197522650502 5175488319.679874 4783386059.275991 196.0 202.53333333333333
48.4465161290323 1028.0539481374833 4783386059.275991 4324304173.011836 196.0 196.0
51.3012333333333 1026.6570196592734 4324304173.011836 3933520234.7202106 196.0 196.0
84.7457096774193 1025.3492777238807 3933520234.7202106 3653347806.107777 196.0 196.0
209.807322580645 1024.3610151890925 3653347806.107777 3713841841.3330083 197.0 189.67741935483872
689.364428571429 1024.5743980293933 3713841841.3330083 4887252139.517601 215.0 217.0
568.289064516129 1028.2038270411508 4887252139.517601 5558488412.82834 315.0 197.0
576.527233333333 1029.3229416562929 5558488412.82834 5892316901.723698 431.2527777777778 200.66666666666666
381.711483870968 1030.5359571678873 5892316901.723698 5888852294.813075 365.4301075268817 315.0
185.7957 1030.5225860434466 5888852294.813075 5824996075.846236 196.88611111111112 431.2527777777778
126.033225806452 1030.276046624889 5824996075.846236 5592007061.590142 196.0 365.4301075268817
97.3777741935484 1029.4135325988923 5592007061.590142 5276766567.772874 196.0 190.53494623655916
66.5694 1028.7658969231932 5276766567.772874 4880990814.46407 196.0 202.53333333333333
46.5674838709677 1028.1947919400636 4880990814.46407 4416045335.013657 196.0 196.0
36.6345333333333 1026.9491889650117 4416045335.013657 3987057828.4831147 196.0 196.0
71.4001612903226 1025.5381228517922 3987057828.4831147 3671254268.294165 196.0 196.0
217.974064516129 1024.4241773132069 3671254268.294165 3753759599.359942 197.0 189.67741935483872
492.893857142857 1024.715201408677 3753759599.359942 4455925052.744051 213.0 217.0
366.69335483871 1027.0761944354906 4455925052.744051 4587689180.250532 315.0 197.0
391.213866666667 1027.4958254148105 4587689180.250532 5050307317.445938 198.0 198.8
225.662064516129 1028.4391158981903 5050307317.445938 5087228286.31839 196.0 315.0
133.237333333333 1028.4923929095503 5087228286.31839 4892836446.427466 196.0 198.0
85.2490967741936 1028.21188520408 4892836446.427466 4554910665.402219 196.0 196.0
63.7061290322581 1027.3914352401343 4554910665.402219 4154922516.8462996 196.0 189.67741935483872
44.3738666666667 1026.1175876332684 4154922516.8462996 3710193540.442192 196.0 202.53333333333333
29.2655161290322 1024.5615292431823 3710193540.442192 3211943729.828519 196.0 196.0
19.9402333333333 1021.6685271690923 3211943729.828519 2743893912.145416 196.0 196.0
45.8698387096774 1019.6716342489246 2743893912.145416 2354444116.5660133 196.0 196.0
275.221193548387 1017.8282011428286 2354444116.5660133 2582576661.298849 197.0 189.67741935483872
551.286071428571 1018.916049935826 2582576661.298849 3422283178.3181844 212.0 217.0
549.275483870968 1023.0098706024476 3422283178.3181844 4043912650.9779377 315.0 197.0
453.0279 1025.7386689628852 4043912650.9779377 4666487620.149776 199.0 197.86666666666667
251.113419354839 1027.7467758603495 4666487620.149776 4772755276.729446 196.0 315.0
131.736766666667 1028.0386079029286 4772755276.729446 4575378094.5448475 196.0 199.0
91.9488709677419 1027.456618135493 4575378094.5448475 4257182048.687212 196.0 196.0
70.1550967741935 1026.4432549321248 4257182048.687212 3876542783.447562 196.0 189.67741935483872
52.898 1025.1482990597797 3876542783.447562 3456420894.1205215 196.0 202.53333333333333
38.8994516129032 1023.2724684163118 3456420894.1205215 2988041784.834652 196.0 196.0
44.6923333333333 1020.7297349468959 2988041784.834652 2584697173.4572406 196.0 196.0
68.3542258064516 1018.9259820770831 2584697173.4572406 2255058805.246866 196.0 196.0
118.701903225806 1017.303740397081 2255058805.246866 2062207426.1730423 197.0 189.67741935483872
163.442892857143 1016.2860550193827 2062207426.1730423 1961349240.809883 211.0 217.0
127.196838709677 1015.7214880048351 1961349240.809883 1733532657.3848858 211.0 197.0
175.352066666667 1014.3613889993128 1733532657.3848858 1657310828.0558581 198.0 196.93333333333334
101.320064516129 1013.8939920814585 1657310828.0558581 1385985794.2573907 196.0 211.0
58.3389666666667 1012.0607148260634 1385985794.2573907 1017841937.9556032 196.0 198.0
41.7728709677419 1009.1008172262719 1017841937.9556032 685754338.0170019 161.33333333333334 196.0
32.6314516129032 1005.886303330618 685754338.0170019 653645287.7411214 40.0 189.67741935483872
21.9208 1005.6106891651598 653645287.7411214 592199492.377757 40.0 166.71111111111114
10.8536774193548 1005.0832574453026 592199492.377757 498648577.349895 40.0 40.0
17.3578 1004.2802452991407 498648577.349895 436100807.129663 40.0 40.0
37.3014516129032 1003.7433545676365 436100807.129663 433395463.43938506 40.0 40.0
201.538193548387 1003.7201327333853 433395463.43938506 696675401.759302 106.11021505376344 38.70967741935484
659.617321428572 1005.9800463670326 696675401.759302 1794670724.551805 210.0 44.285714285714285
1080.25241935484 1014.726392385384 1794670724.551805 3839754870.339264 315.0 106.11021505376344
895.072966666667 1025.0185356978457 3839754870.339264 5606608402.636692 199.0 196.0
543.825258064516 1029.4529956828019 5606608402.636692 5891724008.992385 419.93548387096774 315.0
224.001266666667 1030.5336689883925 5891724008.992385 5886119722.756542 212.54722222222222 199.0
134.021806451613 1030.5120400964017 5886119722.756542 5673835054.990754 196.03763440860214 419.93548387096774
96.0624516129032 1029.6924133397326 5673835054.990754 5354579285.65901 196.0 205.69086021505373
65.9179666666667 1028.8781807873868 5354579285.65901 4956775895.984999 196.0 202.5722222222222
43.6194838709677 1028.3041499220562 4956775895.984999 4483371219.889969 196.0 196.0
40.2008 1027.1636026111146 4483371219.889969 4063442833.009682 196.0 196.0
70.7292258064516 1025.8075584938613 4063442833.009682 3746082267.813347 196.0 196.0
406.292612903226 1024.688120874121 3746082267.813347 4334529820.520976 197.0 189.67741935483872
701.2355 1026.689585415672 4334529820.520976 5550881855.821528 210.0 217.0
673.144322580645 1029.3023833941122 5550881855.821528 5894278765.415322 542.0349462365591 197.0
359.758866666667 1030.5435286829922 5894278765.415322 5888478436.345985 345.35 196.0
152.153709677419 1030.521143193445 5888478436.345985 5723052138.673118 196.59677419354838 542.0349462365591
92.4419333333333 1029.8824406898577 5723052138.673118 5421196593.172056 196.0 345.35
72.9201935483871 1028.974309658257 5421196593.172056 5048494705.170414 196.0 196.59677419354838
58.5487096774193 1028.4365002960612 5048494705.170414 4631616107.584351 196.0 189.67741935483872
40.2354333333333 1027.6357200878483 4631616107.584351 4172033087.33885 196.0 202.53333333333333
26.094 1026.1720798959836 4172033087.33885 3659329214.8347993 196.0 196.0
21.0259 1024.3821136325741 3659329214.8347993 3192351797.780312 196.0 196.0
37.604064516129 1021.5863807034814 3192351797.780312 2782179455.928417 196.0 196.0
87.1814838709678 1019.8509576390089 2782179455.928417 2507454782.9879165 197.0 189.67741935483872
229.777357142857 1018.5641910210206 2507454782.9879165 2569716923.8978276 211.0 217.0
322.139225806452 1018.8558169737603 2569716923.8978276 2584591607.780897 315.0 197.0
279.0302 1018.9254876242665 2584591607.780897 2768135408.487044 199.0 196.93333333333334
121.557580645161 1019.7851775573164 2768135408.487044 2542803289.823204 196.0 315.0
60.7111 1018.7297577977668 2542803289.823204 2174096424.4920726 196.0 199.0
41.6522903225807 1016.8764982822801 2174096424.4920726 1739751473.2606914 196.0 196.0
34.2437741935484 1014.3985162582728 1739751473.2606914 1285906674.6053886 196.0 189.67741935483872
21.3034 1011.2938501907395 1285906674.6053886 813472592.0666814 196.0 202.53333333333333
9.73222580645161 1007.1740778673505 813472592.0666814 613293226.6380117 78.16129032258064 196.0
7.27173333333333 1005.2643195419571 613293226.6380117 524321576.433356 40.0 196.0
42.6832903225806 1004.5006143899858 524321576.433356 536348308.8992374 40.0 78.16129032258064
163.609451612903 1004.6038481450578 536348308.8992374 687695238.935699 110.04301075268818 38.70967741935484
305.377071428571 1005.9029634243407 687695238.935699 929326618.9681246 208.75 44.285714285714285
515.583290322581 1008.3140143908278 929326618.9681246 1464059618.1792994 315.0 110.04301075268818
448.1112 1012.5882406633737 1464059618.1792994 2091759189.822288 199.0 194.83333333333334
271.508322580645 1016.4420010017006 2091759189.822288 2271332989.456161 196.0 315.0
125.965266666667 1017.3896199971301 2271332989.456161 2072858737.9445424 196.0 199.0
80.5058064516129 1016.3422624693643 2072858737.9445424 1742949433.4420035 196.0 196.0
56.4302903225807 1014.4176085578628 1742949433.4420035 1348218928.110136 196.0 189.67741935483872
35.7994333333333 1011.7768909155825 1348218928.110136 912416887.8872678 196.0 202.53333333333333
17.4331290322581 1008.163705670109 912416887.8872678 644572841.2376175 110.87096774193549 196.0
11.4152333333333 1005.5328140878765 644572841.2376175 566239891.1379924 40.0 196.0
42.3448387096774 1004.8604282501115 566239891.1379924 577498051.219151 40.0 110.87096774193549
282.83335483871 1004.9570648173317 577498051.219151 847001999.7874235 185.36290322580646 38.70967741935484
526.084607142857 1007.5179692285889 847001999.7874235 1609784899.705475 215.0 44.285714285714285
441.858967741935 1013.5728709439559 1609784899.705475 1946286596.6307118 315.0 185.36290322580646
449.691966666667 1015.6315617709297 1946286596.6307118 2574763838.44319 199.0 200.66666666666666
165.603064516129 1018.8794559177667 2574763838.44319 2468194502.849349 196.0 315.0
75.6662 1018.3803021210742 2468194502.849349 2138551428.4848747 196.0 199.0
51.8997096774194 1016.6889257439834 2138551428.4848747 1731816678.0065317 196.0 196.0
37.5056129032258 1014.3511443463077 1731816678.0065317 1284074776.6514404 197.0 189.67741935483872
24.2406666666667 1011.2796494314066 1284074776.6514404 819230489.1287884 196.0 202.53333333333333
13.5417096774194 1007.2331332218337 819230489.1287884 621991889.7970003 80.84946236559139 197.0
8.4959 1005.338986178515 621991889.7970003 536164865.20595056 40.0 196.0
67.8139677419355 1004.6022735210811 536164865.20595056 615652589.0415117 40.0 80.84946236559139
315.535870967742 1005.2845715797554 615652589.0415117 982907504.5637605 181.747311827957 38.70967741935484
519.093035714286 1008.7902889294556 982907504.5637605 1729471961.6099806 215.0 44.285714285714285
637.365612903226 1014.3371460394626 1729471961.6099806 2589148200.6119347 315.0 181.747311827957
611.278466666667 1018.946829979447 2589148200.6119347 3633375772.84765 198.0 200.66666666666666
372.049967741935 1024.2905670999917 3633375772.84765 4068924544.904208 196.0 315.0
150.201533333333 1025.8268943382864 4068924544.904208 3904435475.5236754 203.0 198.0
104.528032258065 1025.2466859806832 3904435475.5236754 3624001737.087868 196.0 196.0
77.6274193548387 1024.257501718123 3624001737.087868 3269001469.273287 196.0 196.4516129032258
50.0950666666667 1021.9077629738922 3269001469.273287 2850195233.825188 196.0 202.53333333333333
29.337064516129 1020.1517619866884 2850195233.825188 2363178843.341832 196.0 196.0
19.3250666666667 1017.8742946878197 2363178843.341832 1895960741.307997 196.0 196.0
87.2251290322581 1015.3311089033314 1895960741.307997 1614375393.0467598 196.0 196.0
407.438 1013.6038877908564 1614375393.0467598 2182690328.6156783 201.0 189.67741935483872
586.189178571429 1016.9218486998188 2182690328.6156783 3095480963.5995073 216.0 217.0
795.484806451613 1021.1802136838554 3095480963.5995073 4376628752.403434 315.0 201.0
813.061033333333 1026.8236584471447 4376628752.403434 5896474452.788825 211.50555555555556 201.6
480.128290322581 1030.5520026051026 5896474452.788825 5890595652.306188 464.744623655914 315.0
215.483233333333 1030.5293142670478 5890595652.306188 5885967701.368793 203.65277777777777 211.50555555555556
136.859709677419 1030.5114533929327 5885967701.368793 5681310933.682119 196.01612903225808 464.744623655914
104.647935483871 1029.7212777362245 5681310933.682119 5384928414.67411 196.0 197.08333333333331
75.7020333333333 1028.9219746243493 5384928414.67411 5012295858.15922 196.0 202.55
48.0892258064516 1028.384265307589 5012295858.15922 4550411230.172738 196.0 196.0
36.4143333333333 1027.3771058285756 4550411230.172738 4120509853.883598 196.0 196.0
69.0377096774194 1026.0079931652344 4120509853.883598 3798793002.98063 196.0 196.0
126.959258064516 1024.8740493932296 3798793002.98063 3637553279.0386767 197.0 189.67741935483872
263.442714285714 1024.3053025715649 3637553279.0386767 3780552987.1778913 214.0 217.0
781.20964516129 1024.8097107131496 3780552987.1778913 5022698482.029795 315.0 197.0
445.711633333333 1028.3992763088452 5022698482.029795 5624969927.829821 198.0 199.73333333333332
237.183193548387 1029.503744895096 5624969927.829821 5690115607.177138 196.0 315.0
119.766933333333 1029.7552726145836 5690115607.177138 5459085491.913943 196.0 198.0
82.0065806451613 1029.054285113281 5459085491.913943 5110562851.631653 196.0 196.0
62.4445161290323 1028.526064720969 5110562851.631653 4703827616.041982 196.0 189.67741935483872
43.3131 1027.8656930447196 4703827616.041982 4251564718.658678 196.0 202.53333333333333
21.053935483871 1026.4253653460466 4251564718.658678 3724638654.5186043 196.0 196.0
18.0287666666667 1024.6124820265206 3724638654.5186043 3249615969.024705 196.0 196.0
118.982064516129 1021.826482050418 3249615969.024705 3058011855.2737703 196.0 196.0
505.424516129032 1021.0231105042925 3058011855.2737703 3908637122.8498397 197.0 189.67741935483872
1142.19889285714 1025.2615066061721 3908637122.8498397 5902884044.07234 329.5267857142857 217.0
1384.0545483871 1030.5767394496788 5902884044.07234 5906889641.227352 1379.6236559139784 197.0
1029.1991 1030.5921984438448 5906889641.227352 5900348297.626411 1015.0527777777778 307.55833333333334
628.869709677419 1030.5669531211997 5900348297.626411 5893236588.780601 613.9408602150538 1379.6236559139784
285.549833333333 1030.539506560474 5893236588.780601 5887206447.050629 274.2583333333333 1015.0527777777778
175.252548387097 1030.5162341438488 5887206447.050629 5784223236.528952 196.28763440860214 613.9408602150538
131.746967741936 1030.1186225348608 5784223236.528952 5559282033.897334 196.0 265.41129032258067
92.7500666666667 1029.3250865781008 5559282033.897334 5229867698.064643 196.0 202.83055555555555
57.665 1028.698221786529 5229867698.064643 4792301011.187307 196.0 196.0
69.6110666666667 1028.0668124259557 4792301011.187307 4447724806.82833 196.0 196.0
104.426483870968 1027.0500790026379 4447724806.82833 4221958359.987217 196.0 196.0
223.112225806452 1026.3310775795771 4221958359.987217 4320860095.391213 197.0 189.67741935483872
463.748178571429 1026.6460512592078 4320860095.391213 4957059063.322549 212.0 217.0
440.777451612903 1028.304558532933 4957059063.322549 5286826317.65476 315.0 197.0
328.4019 1028.7804131567889 5286826317.65476 5584688577.443447 198.0 197.86666666666667
189.986838709677 1029.3937529120092 5584688577.443447 5524153932.315709 196.0 315.0
115.086433333333 1029.2301457630153 5524153932.315709 5281711595.785637 196.0 198.0
88.146 1028.7730326057513 5281711595.785637 4950161272.991296 196.0 196.0
67.9768064516129 1028.2946050115315 4950161272.991296 4558947380.40947 196.0 189.67741935483872
48.0371333333333 1027.4042910204123 4558947380.40947 4120126050.344207 196.0 202.53333333333333
31.1604516129032 1026.0067708609688 4120126050.344207 3621442505.853112 196.0 196.0
37.0707333333333 1024.2484744474536 3621442505.853112 3196132292.484924 196.0 196.0
54.1066451612903 1021.6022318343183 3196132292.484924 2830253946.887911 196.0 196.0
213.558516129032 1020.068150720704 2830253946.887911 2895029792.1133795 197.0 189.67741935483872
303.007357142857 1020.3397475560309 2895029792.1133795 3134088053.8114467 212.0 217.0
518.175774193549 1021.342088275939 3134088053.8114467 3672938433.8220625 315.0 197.0
636.139866666666 1024.430117932353 3672938433.8220625 4770908275.373606 199.0 197.86666666666667
413.18735483871 1028.0359426773068 4770908275.373606 5310186639.21992 196.0 315.0
183.440366666667 1028.8141221345165 5310186639.21992 5245248911.73693 196.0 199.0
115.014935483871 1028.7204169000534 5245248911.73693 4985666081.769628 196.0 196.0
85.7002580645161 1028.345838501832 4985666081.769628 4641607088.214802 196.0 189.67741935483872
59.9293 1027.6675384974994 4641607088.214802 4232764549.7812843 196.0 202.53333333333333
36.361064516129 1026.3654921967557 4232764549.7812843 3746819064.745115 196.0 196.0
32.9351666666667 1024.6907198050974 3746819064.745115 3310232687.4530067 196.0 196.0
61.8636129032258 1022.1479437496386 3310232687.4530067 2965587398.663303 196.0 196.0
224.013225806452 1020.6355865772047 2965587398.663303 3059184208.021216 197.0 189.67741935483872
331.442714285714 1021.028026029439 3059184208.021216 3370472529.8949428 211.0 217.0
585.414741935484 1022.611327153038 3370472529.8949428 4088913611.543618 315.0 197.0
530.715533333333 1025.897402509854 4088913611.543618 4914672372.306829 198.0 196.93333333333334
342.166096774194 1028.2433944766333 4914672372.306829 5263575348.15573 196.0 315.0
164.600666666667 1028.7468619742506 5263575348.15573 5149970827.150647 196.0 198.0
106.053258064516 1028.5829304865088 5149970827.150647 4866718818.072323 196.0 196.0
79.5767096774194 1028.1741974286758 4866718818.072323 4506941904.749261 196.0 189.67741935483872
53.0012666666667 1027.2386684864625 4506941904.749261 4081381254.3057218 196.0 202.53333333333333
36.3235483870968 1025.870833348521 4081381254.3057218 3596845004.550357 196.0 196.0
27.9102 1024.161710774428 3596845004.550357 3147960219.884153 196.0 196.0
66.388064516129 1021.4002524942732 3147960219.884153 2814860293.341528 196.0 196.0
216.662483870968 1020.0036070999645 2814860293.341528 2887888071.1075964 197.0 189.67741935483872
338.498142857143 1020.3098032331555 2887888071.1075964 3210554259.506702 213.0 217.0
316.20564516129 1021.662701297722 3210554259.506702 3208822326.470408 315.0 197.0
245.134933333333 1021.6554395239849 3208822326.470408 3300813259.0314093 199.0 198.8
123.089064516129 1022.075486607934 3300813259.0314093 3075914609.709291 196.0 315.0
69.729 1021.0981744641899 3075914609.709291 2727966173.906841 196.0 199.0
52.2432580645161 1019.5970312595168 2727966173.906841 2317777655.9532194 196.0 196.0
40.308935483871 1017.6347105855051 2317777655.9532194 1875109824.5043309 196.0 189.67741935483872
26.5055666666667 1015.2066258179364 1875109824.5043309 1409352151.5512984 196.0 202.53333333333333
20.3899032258065 1012.2185956185898 1409352151.5512984 915595916.3252485 196.0 196.0
16.3810333333333 1008.1919637006688 915595916.3252485 653164428.8422266 115.83333333333333 196.0
66.2608064516129 1005.6065616209632 653164428.8422266 687530781.8376592 55.42204301075269 196.0
