322.045903225806 1024.3303225820105 3644646452.0 3990325113.4319434 203.0 56.18329032258064
643.509857142857 1025.5496476664266 3990325113.4319434 5082720887.578541 203.0 59.67067857142857
785.285774193548 1028.4858887266646 5082720887.578541 5896265790.58261 478.7231182795699 203.0
810.8132 1030.551197304993 5896265790.58261 5896476944.652607 794.0694444444445 189.46666666666667
709.144935483871 1030.5520122220726 5896476944.652607 5894652299.376289 692.239247311828 478.7231182795699
400.573266666667 1030.5449702806118 5894652299.376289 5889250410.964173 389.0361111111111 794.0694444444445
209.112838709677 1030.5241225122973 5889250410.964173 5855866953.94073 204.05107526881721 692.239247311828
155.613161290323 1030.3952392044043 5855866953.94073 5675207986.443832 203.0 376.4865591397849
113.363733333333 1029.697714233374 5675207986.443832 5380134672.350547 203.0 210.8527777777778
89.1516451612903 1028.915057247259 5380134672.350547 5007252126.158967 203.0 203.0
132.6879 1028.3769871950346 5007252126.158967 4807493255.796563 203.0 203.0
183.475935483871 1028.0887348568492 4807493255.796563 4776031391.573794 203.0 203.0
219.466193548387 1028.0433353413764 4776031391.573794 4851432507.553125 203.0 196.4516129032258
529.413142857143 1028.1521392605384 4851432507.553125 5667488392.967413 204.0 224.75
573.648451612903 1029.6679088531562 5667488392.967413 5892510765.978433 486.7231182795699 203.0
434.0214 1030.5367053575496 5892510765.978433 5889796333.242512 418.4194444444444 190.4
242.016225806452 1030.526229416459 5889796333.242512 5886369737.34956 225.7258064516129 486.7231182795699
141.2042 1030.513004989771 5886369737.34956 5691352125.37194 203.05833333333334 418.4194444444444
112.736064516129 1029.760046816108 5691352125.37194 5405177570.300894 203.0 225.7258064516129
95.8503870967742 1028.9511941851383 5405177570.300894 5067962878.795101 203.0 196.50806451612902
70.4100666666667 1028.4645928986943 5067962878.795101 4664970292.6270275 203.0 209.76666666666668
51.7662903225806 1027.7419436070925 4664970292.6270275 4197212289.148659 203.0 203.0
33.0551333333333 1026.252268436779 4197212289.148659 3741407827.3566084 203.0 203.0
89.5234193548387 1024.6716325479952 3741407827.3566084 3454599084.0986047 203.0 203.0
197.699193548387 1023.2584544930662 3454599084.0986047 3462289626.115934 204.0 196.4516129032258
483.033035714286 1023.3176125085841 3462289626.115934 4158689101.9354725 205.0 224.75
883.652032258065 1026.129583127183 4158689101.9354725 5674805863.246751 315.0 204.0
711.757666666667 1029.6961616341573 5674805863.246751 5894725003.675632 610.3083333333333 191.33333333333334
355.195741935484 1030.5452508718183 5894725003.675632 5888376768.533345 339.991935483871 315.0
161.613233333333 1030.5207508219555 5888376768.533345 5744772868.639914 203.56666666666666 610.3083333333333
116.846161290323 1029.9663045121233 5744772868.639914 5469198249.787773 203.0 339.991935483871
91.6212580645161 1029.0816168913182 5469198249.787773 5120439121.896151 203.0 197.0
67.8172333333333 1028.5403161932122 5120439121.896151 4710481630.449784 203.0 209.76666666666668
48.4465161290323 1027.886884173407 4710481630.449784 4233436234.2184534 203.0 203.0
51.3012333333333 1026.367631319167 4233436234.2184534 3824768552.3249154 203.0 203.0
84.7457096774193 1024.965673905908 3824768552.3249154 3525467630.993836 203.0 203.0
209.807322580645 1023.8035971614911 3525467630.993836 3566509956.7338486 204.0 196.4516129032258
689.364428571429 1024.0547088420947 3566509956.7338486 4763566956.930962 205.0 224.75
568.289064516129 1028.0253491442004 4763566956.930962 5434873349.969611 315.0 204.0
576.527233333333 1028.9940452380513 5434873349.969611 5892315156.919081 383.7083333333333 191.33333333333334
381.711483870968 1030.5359504340788 5892315156.919081 5888850549.70364 365.4301075268817 315.0
185.7957 1030.5225793084617 5888850549.70364 5807107130.483618 203.80833333333334 383.7083333333333
126.033225806452 1030.2069773377746 5807107130.483618 5555582530.298254 203.0 365.4301075268817
97.3777741935484 1029.3150879197249 5555582530.298254 5221825208.686183 203.0 197.23387096774192
66.5694 1028.6866164627506 5221825208.686183 4808187408.7519865 203.0 209.76666666666668
46.5674838709677 1028.0897365205656 4808187408.7519865 4325211189.247639 203.0 203.0
36.6345333333333 1026.6599082460116 4325211189.247639 3878338157.259842 203.0 203.0
71.4001612903226 1025.1546319480065 3878338157.259842 3543410094.807357 203.0 203.0
217.974064516129 1023.9416161139028 3543410094.807357 3609193882.374531 203.0 196.4516129032258
492.893857142857 1024.2052694263652 3609193882.374531 4332572638.917064 204.0 224.75
366.69335483871 1026.6833523532391 4332572638.917064 4464462412.027853 315.0 203.0
391.213866666667 1027.1033834777957 4464462412.027853 4914657923.737802 203.0 190.4
225.662064516129 1028.2433736273272 4914657923.737802 4933281349.724878 203.0 315.0
133.237333333333 1028.2702472579003 4933281349.724878 4721129302.702704 203.0 203.0
85.2490967741936 1027.920793957652 4721129302.702704 4365462931.815866 203.0 203.0
63.7061290322581 1026.7880985089678 4365462931.815866 3948148611.336796 203.0 196.4516129032258
44.3738666666667 1025.4008769359323 3948148611.336796 3487256730.9683533 203.0 209.76666666666668
29.2655161290322 1023.509667161295 3487256730.9683533 2974135413.170208 203.0 203.0
19.9402333333333 1020.6714273088897 2974135413.170208 2488630803.569673 203.0 203.0
45.8698387096774 1018.4760224991553 2488630803.569673 2079517650.4120615 203.0 203.0
275.221193548387 1016.3774018491401 2079517650.4120615 2287287070.1809006 204.0 196.4516129032258
551.286071428571 1017.4738103967329 2287287070.1809006 3145019883.3499045 204.0 224.75
549.275483870968 1021.387924039203 3145019883.3499045 3767080717.6290674 315.0 204.0
453.0279 1024.762189480173 3767080717.6290674 4380884524.663572 203.0 190.4
251.113419354839 1026.837211861986 4380884524.663572 4470191475.650523 203.0 315.0
131.736766666667 1027.1216289033455 4470191475.650523 4256091969.573899 203.0 203.0
91.9488709677419 1026.439783342592 4256091969.573899 3921164071.66153 203.0 203.0
70.1550967741935 1025.3056933744674 3921164071.66153 3524326013.929248 203.0 196.4516129032258
52.898 1023.7948154917635 3524326013.929248 3091452280.115931 203.0 209.76666666666668
38.8994516129032 1021.1633219292072 3091452280.115931 2608849267.7844887 203.0 203.0
44.6923333333333 1019.0391066406768 2608849267.7844887 2188381381.081005 203.0 203.0
68.3542258064516 1016.9518806389499 2188381381.081005 1838419858.7842977 203.0 203.0
118.701903225806 1014.9875812464735 1838419858.7842977 1624472418.3844907 204.0 196.4516129032258
163.442892857143 1013.6721109350303 1624472418.3844907 1538502904.3332264 204.0 224.75
127.196838709677 1013.0912358400893 1538502904.3332264 1329955864.0162902 204.0 204.0
175.352066666667 1011.6353167753201 1329955864.0162902 1243803546.2351575 203.0 190.4
101.320064516129 1010.9674693506602 1243803546.2351575 957200323.0223567 203.0 204.0
58.3389666666667 1008.5617806490876 957200323.0223567 687541763.2714477 159.025 203.0
41.7728709677419 1005.9016460366647 687541763.2714477 681378651.0454559 40.07795698924731 203.0
32.6314516129032 1005.8487437857979 681378651.0454559 649303376.7395365 40.0 153.8951612903226
21.9208 1005.5734195428286 649303376.7395365 587898244.8501253 40.0 41.41388888888889
10.8536774193548 1005.0463368656663 587898244.8501253 494392326.7803528 40.0 40.0
17.3578 1004.243710959488 494392326.7803528 431856319.30437356 40.0 40.0
37.3014516129032 1003.7069211957456 431856319.30437356 429136856.5295965 40.0 40.0
201.538193548387 1003.683578167636 429136856.5295965 689906118.1606812 107.04032258064517 38.70967741935484
659.617321428572 1005.9219409284178 689906118.1606812 1802417848.97827 204.0 44.285714285714285
1080.25241935484 1014.7726438744971 1802417848.97827 3847491817.8705883 315.0 107.04032258064517
895.072966666667 1025.045826518062 3847491817.8705883 5603963264.345472 203.0 190.4
543.825258064516 1029.445846660393 5603963264.345472 5891729285.02421 418.9516129032258 315.0
224.001266666667 1030.5336893504364 5891729285.02421 5886117798.721798 212.55 203.0
134.021806451613 1030.5120326708816 5886117798.721798 5655212081.029818 203.0188172043011 418.9516129032258
96.0624516129032 1029.6205099653662 5655212081.029818 5317381765.441658 203.0 205.69354838709677
65.9179666666667 1028.824504712037 5317381765.441658 4901638151.970405 203.0 209.78611111111113
43.6194838709677 1028.2245860778794 4901638151.970405 4410001025.087089 203.0 203.0
40.2008 1026.929939570341 4410001025.087089 3972140378.008701 203.0 203.0
70.7292258064516 1025.4855039788665 3972140378.008701 3635710993.1612864 203.0 203.0
406.292612903226 1024.2988042086818 3635710993.1612864 4204844133.7972283 204.0 196.4516129032258
701.2355 1026.2765736745134 4204844133.7972283 5432923923.551101 205.0 224.75
673.144322580645 1028.9912322129164 5432923923.551101 5894277388.694788 498.01881720430106 204.0
359.758866666667 1030.5435233697483 5894277388.694788 5888477059.811523 345.35 191.33333333333334
152.153709677419 1030.5211378809192 5888477059.811523 5704529673.872373 203.54032258064515 498.01881720430106
92.4419333333333 1029.8109253817468 5704529673.872373 5384662216.608566 203.0 345.35
72.9201935483871 1028.9215905001565 5384662216.608566 4993354335.457193 203.0 203.54032258064515
58.5487096774193 1028.3569326629975 4993354335.457193 4558047838.520563 203.0 196.4516129032258
40.2354333333333 1027.4014262373266 4558047838.520563 4081033956.31924 203.0 209.76666666666668
26.094 1025.8696083115317 4081033956.31924 3550584124.366594 203.0 203.0
21.0259 1023.9968009566661 3550584124.366594 3065999351.363743 203.0 203.0
37.604064516129 1021.056601053936 3065999351.363743 2636606842.86363 203.0 203.0
87.1814838709678 1019.1691187019374 2636606842.86363 2342440382.0988817 204.0 196.4516129032258
229.777357142857 1017.7648568976194 2342440382.0988817 2418575258.9324164 205.0 224.75
322.139225806452 1018.147893484461 2418575258.9324164 2433598533.855142 315.0 204.0
279.0302 1018.2182601117337 2433598533.855142 2607616899.51958 203.0 191.33333333333334
121.557580645161 1019.0333344239792 2607616899.51958 2364537944.052704 203.0 315.0
60.7111 1017.8814667232332 2364537944.052704 1978781427.1445181 203.0 203.0
41.6522903225807 1015.8255607590718 1978781427.1445181 1527151664.1414518 203.0 203.0
34.2437741935484 1013.014538271226 1527151664.1414518 1056669273.0006288 203.0 196.4516129032258
21.3034 1009.4459490933389 1056669273.0006288 671684138.2511317 163.30277777777778 209.76666666666668
9.73222580645161 1005.7655290837007 671684138.2511317 574313705.329532 40.0 203.0
7.27173333333333 1004.9297313762191 574313705.329532 485449780.48849964 40.0 163.30277777777778
42.6832903225806 1004.1669509054807 485449780.48849964 497347207.79574406 40.0 40.0
163.609451612903 1004.2690747450279 497347207.79574406 687886062.2111062 95.3736559139785 38.70967741935484
305.377071428571 1005.90460139237 687886062.2111062 941107030.2511768 203.97321428571428 44.285714285714285
515.583290322581 1008.4187291577882 941107030.2511768 1475823944.027407 315.0 95.3736559139785
448.1112 1012.6677293515365 1475823944.027407 2093110261.798403 203.0 190.375
271.508322580645 1016.4491306691208 2093110261.798403 2254000939.4429708 203.0 315.0
125.965266666667 1017.2981579917835 2254000939.4429708 2037545111.810076 203.0 203.0
80.5058064516129 1016.1559108802642 2037545111.810076 1689197328.7199583 203.0 203.0
56.4302903225807 1014.09670046997 1689197328.7199583 1276306771.8969264 203.0 196.4516129032258
35.7994333333333 1011.2194323402863 1276306771.8969264 823300012.0234154 203.0 209.76666666666668
17.4331290322581 1007.2748719181889 823300012.0234154 630366824.2477717 83.11559139784946 203.0
11.4152333333333 1005.4108740278779 630366824.2477717 552073134.4647044 40.0 203.0
42.3448387096774 1004.7388251885382 552073134.4647044 563284169.5115178 40.0 83.11559139784946
282.83335483871 1004.8350572490259 563284169.5115178 868911185.8972265 171.88978494623655 38.70967741935484
526.084607142857 1007.7426788297151 868911185.8972265 1658498193.5082648 204.0 44.285714285714285
441.858967741935 1013.9020148210018 1658498193.5082648 1994943431.6990407 315.0 171.88978494623655
449.691966666667 1015.9220503385018 1994943431.6990407 2612757727.6913323 203.0 190.4
165.603064516129 1019.0574132444559 2612757727.6913323 2487271092.25492 203.0 315.0
75.6662 1018.4696538278919 2487271092.25492 2139430112.6526434 203.0 203.0
51.8997096774194 1016.6935625997501 2139430112.6526434 1714005007.25057 203.0 203.0
37.5056129032258 1014.2448060134362 1714005007.25057 1250435203.1131094 203.0 196.4516129032258
24.2406666666667 1011.0188775435125 1250435203.1131094 767952286.8008107 203.0 209.76666666666668
13.5417096774194 1006.7072029415467 767952286.8008107 613320739.6792415 65.02688172043011 203.0
8.4959 1005.2645557054012 613320739.6792415 527517679.02535856 40.0 203.0
67.8139677419355 1004.5280487469987 527517679.02535856 606976638.4122064 40.0 65.02688172043011
315.535870967742 1005.2100999005339 606976638.4122064 965361395.8859124 185.03494623655914 38.70967741935484
519.093035714286 1008.6343235189859 965361395.8859124 1738512978.6296692 204.0 44.285714285714285
637.365612903226 1014.3911222604756 1738512978.6296692 2598178347.0703993 315.0 185.03494623655914
611.278466666667 1018.9891257474023 2598178347.0703993 3629432811.884394 203.0 190.4
372.049967741935 1024.2766589484459 3629432811.884394 4046316974.761102 203.0 315.0
150.201533333333 1025.7471498227903 4046316974.761102 3881935305.2698393 203.0 203.0
104.528032258065 1025.1673203007754 3881935305.2698393 3582954408.951724 203.0 203.0
77.6274193548387 1024.1127139645564 3582954408.951724 3209917573.4912667 203.0 196.4516129032258
50.0950666666667 1021.6600317546804 3209917573.4912667 2773664453.408989 203.0 209.76666666666668
29.337064516129 1019.8110747232271 2773664453.408989 2268749850.1870303 203.0 203.0
19.3250666666667 1017.3759886553405 2268749850.1870303 1783719342.441869 203.0 203.0
87.2251290322581 1014.661010999653 1783719342.441869 1482935740.988519 203.0 203.0
407.438 1012.7157820337062 1482935740.988519 2045151631.7745647 203.0 196.4516129032258
586.189178571429 1016.1960508273064 2045151631.7745647 2986400451.292878 204.0 224.75
795.484806451613 1020.7228530452531 2986400451.292878 4267695627.800072 315.0 203.0
813.061033333333 1026.476737668153 4267695627.800072 5810131601.49648 203.0 190.4
480.128290322581 1030.2186548320328 5810131601.49648 5890589625.014335 432.5241935483871 315.0
215.483233333333 1030.5292910056298 5890589625.014335 5883144919.286048 204.74166666666667 203.0
136.859709677419 1030.5005592939856 5883144919.286048 5659883324.563748 203.0 432.5241935483871
104.647935483871 1029.6385456546864 5659883324.563748 5344956021.778278 203.0 198.13709677419354
75.7020333333333 1028.8642944037204 5344956021.778278 4954395467.213897 203.0 209.76666666666668
48.0892258064516 1028.3007149599046 4954395467.213897 4474261294.611886 203.0 203.0
36.4143333333333 1027.1345901102288 4474261294.611886 4026433617.7201366 203.0 203.0
69.0377096774194 1025.677014524586 4026433617.7201366 3685639129.1193395 203.0 203.0
126.959258064516 1024.474917563031 3685639129.1193395 3505031438.976981 204.0 196.4516129032258
263.442714285714 1023.6463956844384 3505031438.976981 3669253113.0028286 205.0 224.75
781.20964516129 1024.4171185643838 3669253113.0028286 4911503540.828131 315.0 204.0
445.711633333333 1028.2388218482367 4911503540.828131 5501228798.284153 203.0 191.33333333333334
237.183193548387 1029.1681859413084 5501228798.284153 5548548195.945687 203.0 315.0
119.766933333333 1029.2960762052585 5548548195.945687 5300020523.51984 203.0 203.0
82.0065806451613 1028.7994524148914 5300020523.51984 4933275243.470519 203.0 203.0
62.4445161290323 1028.2702384465663 4933275243.470519 4508692325.471838 203.0 196.4516129032258
43.3131 1027.244243074751 4508692325.471838 4040048760.353353 203.0 209.76666666666668
21.053935483871 1025.7250397190594 4040048760.353353 3496610586.2979035 203.0 203.0
18.0287666666667 1023.5816198945993 3496610586.2979035 3004510390.7422733 203.0 203.0
118.982064516129 1020.7987857054184 3004510390.7422733 2793228298.7906027 203.0 203.0
505.424516129032 1019.9027086594407 2793228298.7906027 3623200404.293255 204.0 196.4516129032258
1142.19889285714 1024.2546751474188 3623200404.293255 5901620186.745339 211.67559523809524 224.75
1384.0545483871 1030.57186178418 5901620186.745339 5906892991.768502 1379.1505376344087 204.0
1029.1991 1030.5922113747497 5906892991.768502 5900351648.013298 1015.0527777777778 197.5638888888889
628.869709677419 1030.5669660515093 5900351648.013298 5893232743.446989 613.9435483870968 1379.1505376344087
285.549833333333 1030.5394917199926 5893232743.446989 5887209800.410795 274.25555555555553 1015.0527777777778
175.252548387097 1030.5162470856335 5887209800.410795 5765669748.382359 203.24462365591398 613.9435483870968
131.746967741936 1030.0469874454918 5765669748.382359 5522224277.954873 203.0 265.4086021505376
92.7500666666667 1029.224930480959 5522224277.954873 5174926217.323477 203.0 210.01944444444447
57.665 1028.6189411505388 5174926217.323477 4718930918.72246 203.0 203.0
69.6110666666667 1027.913792734785 4718930918.72246 4356416484.472206 203.0 203.0
104.426483870968 1026.759288167109 4356416484.472206 4111593031.0393987 203.0 203.0
223.112225806452 1025.97740046222 4111593031.0393987 4193880221.3449388 203.0 196.4516129032258
463.748178571429 1026.2416567558755 4193880221.3449388 4849006921.221406 204.0 224.75
440.777451612903 1028.1486391359615 4849006921.221406 5178830291.998758 315.0 203.0
328.4019 1028.624574735929 5178830291.998758 5464165345.47814 203.0 190.4
189.986838709677 1029.0680144472383 5464165345.47814 5385660871.677034 203.0 315.0
115.086433333333 1028.9230315608615 5385660871.677034 5125457003.815065 203.0 203.0
88.146 1028.5475570040621 5125457003.815065 4775673262.412712 203.0 203.0
67.9768064516129 1028.04281856048 4775673262.412712 4366835428.439115 203.0 196.4516129032258
48.0371333333333 1026.792469517322 4366835428.439115 3911620706.5844064 203.0 209.76666666666668
31.1604516129032 1025.272030711056 3911620706.5844064 3396657940.7222204 203.0 203.0
37.0707333333333 1022.812753390171 3396657940.7222204 2954231840.554246 203.0 203.0
54.1066451612903 1020.5879741742316 2954231840.554246 2568740680.1254606 203.0 203.0
213.558516129032 1018.8512444033979 2568740680.1254606 2613515387.7782574 204.0 196.4516129032258
303.007357142857 1019.0609620036452 2613515387.7782574 2870674950.0325594 204.0 224.75
518.175774193549 1020.2376308177465 2870674950.0325594 3409969805.0356474 315.0 204.0
636.139866666666 1022.9151523464282 3409969805.0356474 4499167199.525783 203.0 190.4
413.18735483871 1027.2139082787444 4499167199.525783 5020746871.9710045 203.0 315.0
183.440366666667 1028.3964601327143 5020746871.9710045 4938362100.878201 203.0 203.0
115.014935483871 1028.277578789146 4938362100.878201 4661053341.871901 203.0 203.0
85.7002580645161 1027.72946924163 4661053341.871901 4300328435.081144 203.0 196.4516129032258
59.9293 1026.5806638059908 4300328435.081144 3876386398.972779 203.0 209.76666666666668
36.361064516129 1025.1477474390574 3876386398.972779 3375731006.9715543 203.0 203.0
32.9351666666667 1022.6517769767044 3375731006.9715543 2922679002.992044 203.0 203.0
61.8636129032258 1020.4556771613923 2922679002.992044 2557894914.801591 203.0 203.0
224.013225806452 1018.8004445658154 2557894914.801591 2630685300.5080233 204.0 196.4516129032258
331.442714285714 1019.1413831405528 2630685300.5080233 2954436880.1489697 205.0 224.75
585.414741935484 1020.5888338790313 2954436880.1489697 3673524092.9594264 315.0 204.0
530.715533333333 1024.432183749416 3673524092.9594264 4488659933.562119 203.0 191.33333333333334
342.166096774194 1027.1804456482869 4488659933.562119 4820468071.447067 203.0 315.0
164.600666666667 1028.1074575345556 4820468071.447067 4689802332.179899 203.0 203.0
106.053258064516 1027.8210265356047 4689802332.179899 4389879239.484915 203.0 203.0
79.5767096774194 1026.865857450589 4389879239.484915 4014742712.2195635 203.0 196.4516129032258
53.0012666666667 1025.6357767626791 4014742712.2195635 3575467813.538159 203.0 209.76666666666668
36.3235483870968 1024.086306220593 3575467813.538159 3079653346.805568 203.0 203.0
27.9102 1021.1138505107151 3079653346.805568 2614493701.5539074 203.0 203.0
66.388064516129 1019.0655442695734 2614493701.5539074 2260897605.18337 203.0 203.0
216.662483870968 1017.3345520062446 2260897605.18337 2315149484.696642 203.0 196.4516129032258
338.498142857143 1017.6208416078978 2315149484.696642 2657143096.6366563 204.0 224.75
316.20564516129 1019.2653072441998 2657143096.6366563 2656047119.759817 315.0 203.0
245.134933333333 1019.2601738630436 2656047119.759817 2741245344.2982364 203.0 190.4
123.089064516129 1019.6592287789144 2741245344.2982364 2501467601.268199 203.0 315.0
69.729 1018.5361480153077 2501467601.268199 2138203547.3784235 203.0 203.0
52.2432580645161 1016.6870899597806 2138203547.3784235 1713704280.2683794 203.0 203.0
40.308935483871 1014.243010628468 1713704280.2683794 1257609916.643242 203.0 196.4516129032258
26.5055666666667 1011.0744954778546 1257609916.643242 780877248.4080526 203.0 209.76666666666668
20.3899032258065 1006.839766650339 780877248.4080526 630522983.7998527 70.23387096774194 203.0
16.3810333333333 1005.4122144532175 630522983.7998527 565082471.3559623 40.0 203.0
66.2608064516129 1004.8504933163601 565082471.3559623 640499504.4472181 40.0 70.23387096774194
