322.045903225806 1024.3303225820105 3644646452.0 3912466781.8998466 232.0 56.18329032258064
643.509857142857 1025.275015103703 3912466781.8998466 5348620680.129877 61.0 59.67067857142857
785.285774193548 1028.8695825110099 5348620680.129877 5896267268.199854 577.9435483870968 232.0
810.8132 1030.5512030076322 5896267268.199854 5896478421.87674 794.0694444444445 56.93333333333333
709.144935483871 1030.5520179231949 5896478421.87674 5894653776.352411 692.239247311828 577.9435483870968
400.573266666667 1030.5449759807768 5894653776.352411 5889244687.45429 389.0388888888889 794.0694444444445
209.112838709677 1030.5241004232798 5889244687.45429 5808478145.424122 221.81451612903226 692.239247311828
155.613161290323 1030.2122708317534 5808478145.424122 5580291030.513052 221.0 376.4892473118279
113.363733333333 1029.3818676500352 5580291030.513052 5239404874.086426 221.0 229.20833333333334
89.1516451612903 1028.7119839452907 5239404874.086426 4819122381.285276 221.0 221.0
132.6879 1028.1055157017104 4819122381.285276 4570468661.585278 222.0 221.0
183.475935483871 1027.4409829986791 4570468661.585278 4487382546.386499 222.0 221.0
219.466193548387 1027.1763775362626 4487382546.386499 4497180371.62467 227.0 214.83870967741936
529.413142857143 1027.2075808013524 4497180371.62467 5665992058.666681 58.0 245.78571428571428
573.648451612903 1029.6621315006437 5665992058.666681 5892512710.316158 486.1639784946237 227.0
434.0214 1030.536712861426 5892512710.316158 5889791077.761072 418.4222222222222 54.13333333333333
242.016225806452 1030.5262091337263 5889791077.761072 5886371682.139209 225.7231182795699 486.1639784946237
141.2042 1030.5130124953914 5886371682.139209 5644964895.501512 221.01111111111112 418.4222222222222
112.736064516129 1029.580945542477 5644964895.501512 5310972542.6664715 221.0 225.7231182795699
95.8503870967742 1028.8152561943239 5310972542.6664715 4925975910.267524 221.0 213.88172043010755
70.4100666666667 1028.2597054982216 4925975910.267524 4477361753.86774 221.0 228.36666666666667
51.7662903225806 1027.144464184292 4477361753.86774 3950114471.1369395 226.0 221.0
33.0551333333333 1025.4078111856682 3950114471.1369395 3440641082.7629437 224.0 221.0
89.5234193548387 1023.1510852520227 3440641082.7629437 3101040990.046907 222.0 226.0
197.699193548387 1021.2035261637187 3101040990.046907 3036080028.1275535 230.0 216.7741935483871
483.033035714286 1020.9311531577675 3036080028.1275535 4069567506.8604155 65.0 245.78571428571428
883.652032258065 1025.8291622816946 4069567506.8604155 5585755674.482813 315.0 230.0
711.757666666667 1029.3966369580617 5585755674.482813 5894723056.25929 576.0111111111111 60.666666666666664
355.195741935484 1030.5452433560606 5894723056.25929 5888374820.6481495 339.991935483871 315.0
161.613233333333 1030.5207433043881 5888374820.6481495 5698603580.344147 221.43333333333334 576.0111111111111
116.846161290323 1029.7880447117534 5698603580.344147 5375283916.227209 221.0 339.991935483871
91.6212580645161 1028.9080575991734 5375283916.227209 4978747063.619256 221.0 214.29032258064515
67.8172333333333 1028.335854348657 4978747063.619256 4523084714.441652 221.0 228.36666666666667
48.4465161290323 1027.290078708413 4523084714.441652 3994539972.5921392 223.0 221.0
51.3012333333333 1025.5645148945048 3994539972.5921392 3534731057.7645044 223.0 221.0
84.7457096774193 1023.8748542904963 3534731057.7645044 3180150914.9984603 223.0 223.0
209.807322580645 1021.5352239622576 3180150914.9984603 3172314553.14912 221.0 215.80645161290323
689.364428571429 1021.5023670991577 3172314553.14912 4752949156.868218 46.0 246.89285714285714
568.289064516129 1028.0100276433884 4752949156.868218 5424261064.21859 315.0 221.0
576.527233333333 1028.9787316943991 5424261064.21859 5892315204.472943 379.64444444444445 42.93333333333333
381.711483870968 1030.5359506176057 5892315204.472943 5888850597.208484 365.4301075268817 315.0
185.7957 1030.5225794917994 5888850597.208484 5758491818.215227 222.62222222222223 379.64444444444445
126.033225806452 1030.0192734294026 5758491818.215227 5456623902.097355 222.0 365.4301075268817
97.3777741935484 1029.0476321678307 5456623902.097355 5075180446.719162 221.0 215.44086021505376
66.5694 1028.4750078596235 5075180446.719162 4615713155.176923 221.0 229.4
46.5674838709677 1027.5850737426017 4615713155.176923 3958655677.13973 269.0 221.0
36.6345333333333 1025.4379388964364 3958655677.13973 3440304769.0116234 231.0 221.0
71.4001612903226 1023.1484982231664 3440304769.0116234 3044006815.8756375 225.0 269.0
217.974064516129 1020.964389165097 3044006815.8756375 3057357070.9274206 221.0 223.5483870967742
492.893857142857 1021.0203650772638 3057357070.9274206 4175517996.1029296 40.0 249.10714285714286
366.69335483871 1026.1831783315379 4175517996.1029296 4307567743.590343 315.0 221.0
391.213866666667 1026.6037189286317 4307567743.590343 4714612880.341858 220.0 37.333333333333336
225.662064516129 1027.900041020197 4714612880.341858 4683189187.269504 222.0 315.0
133.237333333333 1027.7999655645526 4683189187.269504 4425446217.88995 221.0 220.0
85.2490967741936 1026.979128082452 4425446217.88995 4007499747.0367827 227.0 222.0
63.7061290322581 1025.6102283846094 4007499747.0367827 3534102152.145395 225.0 213.8709677419355
44.3738666666667 1023.8700165549646 3534102152.145395 3014738349.551868 228.0 234.56666666666666
29.2655161290322 1020.841670228729 3014738349.551868 2445945239.3532424 226.0 225.0
19.9402333333333 1018.2760901140667 2445945239.3532424 1910176950.9027662 223.0 228.0
45.8698387096774 1015.4159817964345 1910176950.9027662 1447897633.4537146 222.0 226.0
275.221193548387 1012.4790380638765 1447897633.4537146 1611828205.0088685 219.0 215.80645161290323
551.286071428571 1013.5866770608707 1611828205.0088685 2864060371.4836187 40.0 245.78571428571428
549.275483870968 1020.2098967357804 2864060371.4836187 3486589778.4994254 315.0 219.0
453.0279 1023.5045367576879 3486589778.4994254 4040009238.3425803 227.0 37.333333333333336
251.113419354839 1025.724900311614 4040009238.3425803 4072663106.0772367 225.0 315.0
131.736766666667 1025.8400815029179 4072663106.0772367 3813863661.80308 221.0 227.0
91.9488709677419 1024.9272086836088 3813863661.80308 3423155004.001598 225.0 225.0
70.1550967741935 1023.0165769538585 3423155004.001598 2949629534.921209 234.0 213.8709677419355
52.898 1020.5686772952671 2949629534.921209 2450820969.50984 231.0 232.5
38.8994516129032 1018.2989272576573 2450820969.50984 1905796348.2089407 229.0 234.0
44.6923333333333 1015.389828944531 1905796348.2089407 1430584392.910735 225.0 231.0
68.3542258064516 1012.3620567088564 1430584392.910735 1026722879.39564 222.0 229.0
118.701903225806 1009.1797589279612 1026722879.39564 764840528.0699898 220.0 217.74193548387098
163.442892857143 1006.6752874673845 764840528.0699898 1071978061.2948816 40.0 245.78571428571428
127.196838709677 1009.58202721151 1071978061.2948816 1070169172.9649525 127.0 220.0
175.352066666667 1009.5659482041328 1070169172.9649525 936903702.4492822 222.0 37.333333333333336
101.320064516129 1008.3813662439936 936903702.4492822 687617545.0498573 190.0752688172043 127.0
58.3389666666667 1005.9022965240331 687617545.0498573 687459078.1963278 55.297222222222224 222.0
41.7728709677419 1005.9009362935307 687459078.1963278 681503934.8001525 40.0 190.0752688172043
32.6314516129032 1005.8498191828339 681503934.8001525 649427693.4277222 40.0 53.513440860215056
21.9208 1005.5744866388645 649427693.4277222 588021397.2702248 40.0 41.333333333333336
10.8536774193548 1005.0473939679847 588021397.2702248 494514190.8569531 40.0 40.0
17.3578 1004.2447570030639 494514190.8569531 431977846.5925397 40.0 40.0
37.3014516129032 1003.7079643484337 431977846.5925397 429258788.07243824 40.0 40.0
201.538193548387 1003.6846247903213 429258788.07243824 687916510.8908108 107.82795698924731 38.70967741935484
659.617321428572 1005.9048627544275 687916510.8908108 2052660867.4288538 100.0 44.285714285714285
1080.25241935484 1016.23567740068 2052660867.4288538 4097407497.2006564 315.0 107.82795698924731
895.072966666667 1025.9273633058224 4097407497.2006564 5808751196.543.825258064516 1029.4625464625196 5610142191.132245 5891725032.72399 421.252688172043 315.0
224.001266666667 1030.5336729393293 5891725032.72399 5886120746.389846 212.54722222222222 200.0
134.021806451613 1030.512044046959 5886120746.389846 5663195460.923779 200.0268817204301 421.252688172043
96.0624516129032 1029.6513338259606 5663195460.923779 5333327435.170957 200.0 205.69086021505373
65.9179666666667 1028.847514336466 5333327435.170957 4925272471.967055 200.0 206.69444444444443
43.6194838709677 1028.2586904357388 4925272471.967055 4436111890.858954 202.0 200.0
40.2008 1027.0130951938183 4436111890.858954 4003361337.2537494 201.0 200.0
70.7292258064516 1025.5956308192372 4003361337.2537494 3672396512.5614047 201.0 202.0
406.292612903226 1024.4282063935145 3672396512.5614047 4241703573.4315405 204.0 194.51612903225808
701.2355 1026.3939604249413 4241703573.4315405 5467470131.892192 206.0 222.53571428571428
673.144322580645 1029.0769463024112 5467470131.892192 5894279301.614631 510.90860215053766 204.0
359.758866666667 1030.5435307523721 5894279301.614631 5888478972.767168 345.35 192.26666666666668
152.153709677419 1030.521145263681 5888478972.767168 5712469185.185452 200.56451612903226 510.90860215053766
92.4419333333333 1029.841579865581 5712469185.185452 5400322596.359838 200.0 345.35
72.9201935483871 1028.9441884507357 5400322596.359838 5016988703.590663 200.0 200.56451612903226
58.5487096774193 1028.3910370903184 5016988703.590663 4589575363.553028 200.0 193.5483870967742
40.2354333333333 1027.5018323680033 4589575363.553028 4114869931.026373 202.0 206.66666666666666
26.094 1025.988959192333 4114869931.026373 3586746666.5194755 202.0 200.0
21.0259 1024.1260905344602 3586746666.5194755 3104582943.3587503 202.0 202.0
37.604064516129 1021.218377121001 3104582943.3587503 2680687108.6610813 201.0 202.0
87.1814838709678 1019.3755836471245 2680687108.6610813 2389406292.178682 203.0 195.48387096774192
229.777357142857 1018.0112706893615 2389406292.178682 2465746774.5215654 205.0 222.53571428571428
322.139225806452 1018.3688373513891 2465746774.5215654 2480723673.982271 315.0 203.0
279.0302 1018.438986763383 2480723673.982271 2662242849.353745 200.0 191.33333333333334
121.557580645161 1019.289193673788 2662242849.353745 2426851702.166845 200.0 315.0
60.7111 1018.1866590265425 2426851702.166845 2048468620.5701776 200.0 200.0
41.6522903225807 1016.213554725964 2048468620.5701776 1604347816.9348524 200.0 200.0
34.2437741935484 1013.5361338982085 1604347816.9348524 1141122763.2456374 200.0 193.5483870967742
21.3034 1010.171494288726 1141122763.2456374 683141523.5437682 191.11111111111111 206.66666666666666
9.73222580645161 1005.863875738573 683141523.5437682 585651230.6321285 40.0 200.0
7.27173333333333 1005.0270491899753 585651230.6321285 496755972.95285654 40.0 191.11111111111111
42.6832903225806 1004.2639997678357 496755972.95285654 508691009.76526153 40.0 40.0
163.609451612903 1004.3664464357532 508691009.76526153 687748014.3890601 99.67204301075269 38.70967741935484
305.377071428571 1005.9034164325241 687748014.3890601 948594653.3855784 200.83035714285714 44.285714285714285
515.583290322581 1008.4852858078717 948594653.3855784 1483301340.8361397 315.0 99.67204301075269
448.1112 1012.7182523029469 1483301340.8361397 2108286972.7313428 200.0 187.44166666666666
271.508322580645 1016.5292188534635 2108286972.7313428 2277055529.3872046 200.0 315.0
125.965266666667 1017.4198180970301 2277055529.3872046 2068209907.2684963 200.0 200.0
80.5058064516129 1016.3177303813641 2068209907.2684963 1727656310.400882 200.0 200.0
56.4302903225807 1014.3263063307515 1727656310.400882 1322403569.1263785 200.0 193.5483870967742
35.7994333333333 1011.5767718536929 1322403569.1263785 876590631.4816756 200.0 206.66666666666666
17.4331290322581 1007.8214423741709 876590631.4816756 638701008.0509094 99.78494623655914 200.0
11.4152333333333 1005.4824120862738 638701008.0509094 560384285.584255 40.0 200.0
42.3448387096774 1004.8101655414957 560384285.584255 571622967.2753206 40.0 99.78494623655914
282.83335483871 1004.9066349122345 571622967.2753206 878031858.5852228 171.61290322580646 38.70967741935484
526.084607142857 1007.8362241906176 878031858.5852228 1674946191.5942414 201.0 44.285714285714285
441.858967741935 1014.011619054294 1674946191.5942414 2011372707.9576871 315.0 171.61290322580646
449.691966666667 1016.0177979311751 2011372707.9576871 2636828920.1624346 200.0 187.6
165.603064516129 1019.170158876639 2636828920.1624346 2519212241.9895773 200.0 315.0
75.6662 1018.6192610866023 2519212241.9895773 2178946350.2305703 200.0 200.0
51.8997096774194 1016.9020915579449 2178946350.2305703 1761240359.073301 200.0 200.0
37.5056129032258 1014.5268081138705 1761240359.073301 1302564105.4929073 201.0 193.5483870967742
24.2406666666667 1011.4229775619606 1302564105.4929073 827196327.0469573 200.0 206.66666666666666
13.5417096774194 1007.3148341235585 827196327.0469573 622982938.102439 83.44086021505376 201.0
8.4959 1005.3474930309221 622982938.102439 537153174.6106672 40.0 200.0
67.8139677419355 1004.6107568636108 537153174.6106672 616644186.0099044 40.0 83.44086021505376
315.535870967742 1005.2930831417159 616644186.0099044 976467400.0360982 184.51612903225808 38.70967741935484
519.093035714286 1008.7330435558764 976467400.0360982 1752104383.510024 203.0 44.285714285714285
637.365612903226 1014.4722649761793 1752104383.510024 2611753437.0886116 315.0 184.51612903225808
611.278466666667 1019.0527093072066 2611753437.0886116 3648060704.662525 201.0 189.46666666666667
372.049967741935 1024.3423658012787 3648060704.662525 4072836782.3431296 200.0 315.0
150.201533333333 1025.8406941176124 4072836782.3431296 3916086693.6757865 200.0 201.0
104.528032258065 1025.2877837519427 3916086693.6757865 3622229523.859916 201.0 200.0
77.6274193548387 1024.251250525079 3622229523.859916 3245985492.8796754 204.0 193.5483870967742
50.0950666666667 1021.8112599282167 3245985492.8796754 2811943782.22877 202.0 207.7
29.337064516129 1019.9903690034134 2811943782.22877 2309310267.3825645 202.0 204.0
19.3250666666667 1017.590027796214 2309310267.3825645 1829327032.6265707 201.0 202.0
87.2251290322581 1014.9332957171736 1829327032.6265707 1534082571.804367 201.0 202.0
407.438 1013.0613687284078 1534082571.804367 2099266775.1805696 202.0 194.51612903225808
586.189178571429 1016.4816188663882 2099266775.1805696 3038343343.354768 205.0 222.53571428571428
795.484806451613 1020.9406429490766 3038343343.354768 4319568108.217999 315.0 202.0
813.061033333333 1026.6419366503758 4319568108.217999 5869517972.751265 200.0 191.33333333333334
480.128290322581 1030.4479458407386 5869517972.751265 5890591365.799735 454.68279569892474 315.0
215.483233333333 1030.529297723927 5890591365.799735 5885963414.141716 203.65277777777777 200.0
136.859709677419 1030.5114368470306 5885963414.141716 5670666072.626062 200.00537634408602 454.68279569892474
104.647935483871 1029.6801778865872 5670666072.626062 5363677980.928393 200.0 197.08333333333331
75.7020333333333 1028.8913102177899 5363677980.928393 4978207542.999245 201.0 206.6722222222222
48.0892258064516 1028.3350758196236 4978207542.999245 4500562384.832572 202.0 200.0
36.4143333333333 1027.2183515440527 4500562384.832572 4055256014.501122 202.0 201.0
69.0377096774194 1025.7786808271644 4055256014.501122 3717235815.0385356 202.0 202.0
126.959258064516 1024.5863697179489 3717235815.0385356 3534124143.7881947 205.0 195.48387096774192
263.442714285714 1023.8701857214477 3534124143.7881947 3696074797.90309 206.0 223.64285714285714
781.20964516129 1024.5117276821977 3696074797.90309 4938299447.840839 315.0 205.0
445.711633333333 1028.2774883807226 4938299447.840839 5535699281.746134 200.0 192.26666666666668
237.183193548387 1029.2613494101247 5535699281.746134 5590805074.49338 200.0 315.0
119.766933333333 1029.4102839851173 5590805074.49338 5349885848.580168 200.0 200.0
82.0065806451613 1028.8714081509092 5349885848.580168 4988333868.239184 201.0 200.0
62.4445161290323 1028.3496881215572 4988333868.239184 4566126896.426252 202.0 193.5483870967742
43.3131 1027.4271557211027 4566126896.426252 4099566775.835753 202.0 207.7
21.053935483871 1025.9349798089445 4099566775.835753 3560829739.392725 201.0 202.0
18.0287666666667 1024.0346728020907 3560829739.392725 3073618430.9906 201.0 202.0
118.982064516129 1021.0885468804637 3073618430.9906 2870638032.8359103 200.0 201.0
505.424516129032 1020.2374760286621 2870638032.8359103 3706531992.839158 202.0 194.51612903225808
1142.19889285714 1024.548613731355 3706531992.839158 5902873059.169007 245.72916666666666 221.42857142857142
1384.0545483871 1030.576697055112 5902873059.169007 5906893056.638437 1379.6182795698924 202.0
1029.1991 1030.5922116251054 5906893056.638437 5900351712.756672 1015.0527777777778 229.3472222222222
628.869709677419 1030.5669663013764 5900351712.756672 5893232807.83154 613.9435483870968 1379.6182795698924
285.549833333333 1030.539491968475 5893232807.83154 5887209864.777356 274.25555555555553 1015.0527777777778
175.252548387097 1030.5162473340463 5887209864.777356 5773628852.93884 200.26075268817203 613.9435483870968
131.746967741936 1030.0777175789144 5773628852.93884 5538114759.215275 200.0 265.4086021505376
92.7500666666667 1029.2678777276087 5538114759.215275 5198484185.833699 200.0 206.9361111111111
57.665 1028.6529353330934 5198484185.833699 4750384720.11238 200.0 200.0
69.6110666666667 1028.0063271574493 4750384720.11238 4392967712.0561695 201.0 200.0
104.426483870968 1026.8756933504974 4392967712.0561695 4156303649.483471 200.0 200.0
223.112225806452 1026.1219861448517 4156303649.483471 4238796397.4201827 203.0 194.51612903225808
463.748178571429 1026.384701902612 4238796397.4201827 4894089460.600419 204.0 221.42857142857142
440.777451612903 1028.2136933053396 4894089460.600419 5223889417.942381 315.0 203.0
328.4019 1028.689595119686 5223889417.942381 5511659489.740844 202.0 190.4
189.986838709677 1029.1963769992994 5511659489.740844 5432907962.431279 203.0 315.0
115.086433333333 1028.9912091809974 5432907962.431279 5177771737.751051 201.0 202.0
88.146 1028.6230472406219 5177771737.751051 4827825190.610709 203.0 203.0
67.9768064516129 1028.118073868125 4827825190.610709 4415972422.879707 204.0 194.51612903225808
48.0371333333333 1026.9489567607634 4415972422.879707 3962908018.1510057 202.0 209.76666666666668
31.1604516129032 1025.4529383356296 3962908018.1510057 3449931364.960708 202.0 204.0
37.0707333333333 1023.2225489612363 3449931364.960708 3009884633.099336 202.0 202.0
54.1066451612903 1020.8213192163494 3009884633.099336 2627257559.5447154 202.0 202.0
213.558516129032 1019.1253281477505 2627257559.5447154 2674976169.208719 203.0 195.48387096774192
303.007357142857 1019.3488345162001 2674976169.208719 2925123210.1526704 207.0 223.64285714285714
518.175774193549 1020.4659254094452 2925123210.1526704 3464334752.682886 315.0 203.0
636.139866666666 1023.3333442514069 3464334752.682886 4555763977.055028 202.0 193.2
413.18735483871 1027.3941527931688 4555763977.055028 5082443973.280851 201.0 315.0
183.440366666667 1028.4854891389334 5082443973.280851 5007682086.611339 200.0 202.0
115.014935483871 1028.3776076285878 5007682086.611339 4735467938.04671 201.0 201.0
85.7002580645161 1027.9664584014226 4735467938.04671 4368876270.192208 205.0 193.5483870967742
59.9293 1026.7989690133509 4368876270.192208 3939170842.3752646 205.0 207.7
36.361064516129 1025.3692093205477 3939170842.3752646 3437662223.5003667 203.0 205.0
32.9351666666667 1023.1281709500029 3437662223.5003667 2986963699.9023633 202.0 205.0
61.8636129032258 1020.725214674643 2986963699.9023633 2625069573.776778 202.0 203.0
224.013225806452 1019.1150799708514 2625069573.776778 2695473626.8056984 205.0 195.48387096774192
331.442714285714 1019.4448413433522 2695473626.8056984 3017087853.576443 206.0 223.64285714285714
585.414741935484 1020.8515213986434 3017087853.576443 3736074588.172527 315.0 205.0
530.715533333333 1024.6528204168342 3736074588.172527 4556023433.980226 201.0 192.26666666666668
342.166096774194 1027.394979089109 4556023433.980226 4892832047.664984 201.0 315.0
164.600666666667 1028.2118788566595 4892832047.664984 4767148284.187906 201.0 201.0
106.053258064516 1028.0305170046001 4767148284.187906 4469426254.575972 202.0 201.0
79.5767096774194 1027.119191893554 4469426254.575972 4080376424.4689045 208.0 194.51612903225808
53.0012666666667 1025.867288975199 4080376424.4689045 3637933399.613564 204.0 208.73333333333332
36.3235483870968 1024.3066433848803 3637933399.613564 3138398133.6445384 204.0 208.0
27.9102 1021.3601598894949 3138398133.6445384 2673072595.460881 203.0 204.0
66.388064516129 1019.3399184799105 2673072595.460881 2322351100.0386715 202.0 204.0
216.662483870968 1017.6588448550852 2322351100.0386715 2368923583.4648705 206.0 196.4516129032258
338.498142857143 1017.9046099391286 2368923583.4648705 2703868482.2602396 207.0 223.64285714285714
316.20564516129 1019.4841615094156 2703868482.2602396 2702726568.5225735 315.0 206.0
245.134933333333 1019.4788129673188 2702726568.5225735 2787672944.8462486 203.0 193.2
123.089064516129 1019.8766882662587 2787672944.8462486 2547622007.634791 203.0 315.0
29 1011.9579042256769 1371569645.112312 921830799.0093006 239.0 219.0
52.2432580645161 1008.2473848800827 921830799.0093006 687493855.3417286 135.54569892473117 231.0
40.308935483871 1005.9012348098001 687493855.3417286 675769762.0623621 40.03225806451613 231.29032258064515
26.5055666666667 1005.800598815986 675769762.0623621 625944898.4587057 40.0 140.06388888888887
20.3899032258065 1005.3729175833365 625944898.4587057 557449311.0001829 40.0 40.03225806451613
16.3810333333333 1004.784972626611 557449311.0001829 492210747.88017535 40.0 40.0
66.2608064516129 1004.2249849603448 492210747.88017535 567385376.6899943 40.0 40.0
