466.56451609000004 477.2554680664917 123874000000.0 122263239662.37366 1132.0
660.65 476.9001442630522 122263239662.37366 121717281172.57877 962.4285714285714
952.15483866 476.7770142473114 121717281172.57877 121704590261.00735 918.3870967741935
1659.9866663 476.7741520660819 121704590261.00735 122930363444.74396 1020.4666666666667
2699.1419352 477.04907336936657 122930363444.74396 125969709128.20107 1364.0645161290322
1575.67 477.7138471409014 125969709128.20107 125526950721.69408 1557.6666666666667
719.32258067 477.61700584464 125526950721.69408 123340368037.04465 1345.6774193548388
439.62580648 477.1387506642705 123340368037.04465 121241021231.36131 1005.1935483870968
329.39333337 476.6696033449168 121241021231.36131 119558296534.22649 700.2666666666667

295.58064514 476.28744804970756 119546544652.40355 118302188687.52689 461.51612903225805
422.20333337 476.00680845456174 118302188687.52689 118002027014.46875 339.3
647.4677419 475.93914044510115 118002027014.46875 118808920481.04582 384.06451612903226
824.24193553 476.1210916736684 118808920481.04582 119770066507.89845 528.2258064516129
989.3142857299999 476.3378589327691 119770066507.89845 120698668566.35304 680.8928571428571
1362.1709675999998 476.54728655082386 120698668566.35304 121942988222.96301 859.1612903225806
2147.7633336999997 476.8279179573665 121942988222.96301 124128061668.90665 1137.5333333333333
1840.0354837999998 477.31103711043454 124128061668.90665 124865161828.5476 1364.516129032258
1189.78 477.4722576177926 124865161828.5476 123970525663.91808 1347.3333333333333
601.82903229 477.27658041643 123970525663.91808 122068992556.29121 1123.0645161290322
433.22580648 476.85633571409363 122068992556.29121 120408263834.92383 836.1935483870968
327.41999999999996 476.4817915730545 120408263834.92383 119011550850.85129 588.9333333333333
269.25161285 476.16679090005664 119011550850.85129 117901047639.56604 385.93548387096774
257.38666663000004 475.91637683488864 117901047639.56604 117389931249.35664 256.4
386.09354837999996 475.80115672889013 117389931249.35664 117842889331.49042 254.67741935483872
505.59677418999996 475.9032663055659 117842889331.49042 118450258817.42494 341.2903225806452
773.675 476.04020271028975 118450258817.42494 119375463075.15419 466.14285714285717
1221.7258067 476.2488640223622 119375463075.15419 120783059954.39644 658.0
1835.29 476.5663193401886 120783059954.39644 122700850144.54117 929.2666666666667
2336.2064514000003 476.9988385531216 122700850144.54117 125023262394.90906 1269.3870967741937
1561.3966663 477.5068377941621 125023262394.90906 124869392282.5483 1432.6666666666667
743.0903225699999 477.4731829139432 124869392282.5483 122963821373.96915 1265.0
445.57419352 477.0563913766337 122963821373.96915 121010811329.16318 956.8387096774194
333.36 476.6176841067125 121010811329.16318 119416642175.52206 670.3333333333334
265.34838715 476.2581511446824 119416642175.52206 118152807081.82953 438.7741935483871
285.91333337000003 475.97313054144036 118152807081.82953 117614854369.59863 295.03333333333336
433.71290324 475.8518607686201 117614854369.59863 118092147340.53392 293.258064516129
635.39677419 475.9594561182448 118092147340.53392 118894724566.91936 398.3225806451613
1031.23214281 476.14044306876843 118894724566.91936 120193310769.15742 569.6071428571429
2826.0580648 476.4333132091018 120193310769.15742 124819755088.36136 1060.0645161290322
3411.81 477.4623261348122 124819755088.36136 128958669020.64798 1644.6666666666667
3811.2419351999997 478.36276041887504 128958669020.64798 134029580176.86745 1711.0
2566.3199999999997 479.4505700078408 134029580176.86745 135753997725.43106 1704.0
1280.1032257000002 479.8173112984753 135753997725.43106 134094552924.63203 1700.0
604.22258067 479.46438811668054 134094552924.63203 130530094178.13428 1706.0
402.55 478.70194132918937 130530094178.13428 126390799969.45119 1709.8
311.3 477.80594924966124 126390799969.45119 122751503816.84047 1362.8064516129032
286.24333336999996 477.0099527158444 122751503816.84047 120616573129.65016 907.5666666666667
291.20967743 476.52877156735457 120616573129.65016 119718585441.59723 664.6774193548387
511.45161285000006 476.32624840811843 119718585441.59723 119674157380.38823 591.0
812.6857142700001 476.31622854767437 119674157380.38823 120278632490.8222 638.1428571428571
939.59354838 476.452555816604 120278632490.8222 120749511156.25853 725.516129032258
1083.84333337 476.5587530798959 120749511156.25853 121081730014.69981 790.2666666666667
1107.3645162 476.63367839754164 121081730014.69981 121287584311.87856 833.483870967742
1087.40666663 476.68010471625587 121287584311.87856 121400367275.03177 859.1333333333333
576.67096771 476.7055406574271 121400367275.03177 120356528055.4123 779.7096774193549
384.67741933 476.4701236029346 120356528055.4123 119201253636.14412 600.5483870967741
277.07666663000003 476.20957456836805 119201253636.14412 118117719372.41808 419.26666666666665
237.67096770999999 475.9652207782728 118117719372.41808 117257929397.91171 261.93548387096774
226.76999999999998 475.7713997741009 117257929397.91171 116905267758.34355 165.23333333333332
312.14516134 475.69189985535246 116905267758.34355 117368219305.3151 176.90322580645162
525.89354838 475.7962622419556 117368219305.3151 118188004685.21658 282.16129032258067
871.45714281 475.9810650778216 118188004685.21658 119395618117.44728 447.14285714285717
1979.5193553 476.25340958895964 119395618117.44728 122450537051.68678 800.5806451612904
2226.3033337 476.9423854424192 122450537051.68678 124630573815.0244 1217.6
1877.1870972000002 477.42094790354867 124630573815.0244 125274448294.78015 1436.032258064516
1150.0333337 477.5617778422529 125274448294.78015 124156344505.30989 1393.5333333333333
504.3548386599999 477.3172232076356 124156344505.30989 121976356596.98555 1129.516129032258
349.8677419 476.83544352660925 121976356596.98555 120167000939.08235 808.516129032258
264.83000000000004 476.4273795532436 120167000939.08235 118721195794.21538 545.6666666666666
207.46774190000002 476.1013071254432 118721195794.21538 117579714954.80424 336.19354838709677
263.43666663 475.8439393495952 117579714954.80424 117193057383.28763 214.7
444.07419352 475.75677578523164 117193057383.28763 117842300700.92018 239.3548387096774
618.75483866 475.90313361156905 117842300700.92018 118697136739.9161 362.0967741935484
766.28928573 476.09588108703565 118697136739.9161 119527072826.29463 498.2142857142857
944.56129028 476.28305656885306 119527072826.29463 120275703051.76762 626.9032258064516
1028.55 476.45189514022724 120275703051.76762 120655069101.00308 717.1666666666666
977.8838709500001 476.53745356360014 120655069101.00308 120730428005.83038 753.2258064516129
671.42333337 476.5544492570659 120730428005.83038 120152665566.2111 710.4333333333333
414.71612905 476.42414649666466 120152665566.2111 119200339776.03986 584.741935483871
306.08064514 476.20936846550285 119200339776.03986 118285877572.47568 433.19354838709677
229.99666663 476.0031298088578 118285877572.47568 117420778343.69 289.06666666666666
170.38709676 475.80811053735124 117420778343.69 116663475858.967 157.38709677419354
203.45 475.63739311518646 116663475858.967 116467576291.17229 81.96666666666667
282.94193553 475.59323180594504 116467576291.17229 117021965990.62344 113.48387096774194
440.87419352 475.71820694107834 117021965990.62344 117778468996.44916 220.6451612903226
697.30357146 475.8887441380634 117778468996.44916 118769305773.07712 362.39285714285717
1152.1419352 476.1121573687589 118769305773.07712 120240442029.42082 564.8064516129032
2360.3566663 476.4439427220164 120240442029.42082 123463535191.56042 950.6333333333333
3240.9032257 477.1656901118899 123463535191.56042 127552442441.92073 1512.9354838709678
1781.5066662999998 478.05923644332415 127552442441.92073 127293631461.22453 1691.0
750.89677419 478.0033739393966 127293631461.22453 124589206230.97813 1569.1935483870968
389.64516134 477.411899875542 124589206230.97813 121940437180.21619 1159.2903225806451
264.90333337 476.82734262070727 121940437180.21619 119877348996.37267 781.8
203.84838715 476.36205435191084 119877348996.37267 118314552452.28261 488.4193548387097
201.87333337 476.00959685437135 118314552452.28261 117541812773.05612 301.53333333333336
337.94193553 475.8353951246745 117541812773.05612 117835770944.36383 265.9032258064516
511.38064513999996 475.90166161955904 117835770944.36383 118458114133.37311 341.48387096774195
869.33571427 476.04197431966014 118458114133.37311 119573714195.96239 483.14285714285717
1424.8 476.29357559674384 119573714195.96239 121354291042.46918 721.741935483871
1924.4266662999999 476.69514908490504 121354291042.46918 123264106989.00204 1021.0
1215.6612905 477.1220706450136 123264106989.00204 122931680965.7801 1140.8387096774193
513.56333337 477.0493615410718 122931680965.7801 121254025591.3955 975.3666666666667
337.29032257 476.6725362181767 121254025591.3955 119740071665.7844 716.2258064516129
268.14838714999996 476.33109419616244 119740071665.7844 118550199315.81706 497.64516129032256
201.21333337 476.06274229044135 118550199315.81706 117531958873.5404 319.1
151.72258067 475.8331737767224 117531958873.5404 116694050839.57626 168.70967741935485
158.42333337000002 475.6442855815095 116694050839.57626 116391876245.7202 77.96666666666667
225.35161284999998 475.5761668723445 116391876245.7202 116847417600.84183 92.7741935483871
349.11290324 475.678858791894 116847417600.84183 117465326912.33244 180.5483870967742
486.26071427 475.8181530460623 117465326912.33244 118133595368.81854 284.5
727.53548391 475.9687996773712 118133595368.81854 118903278349.48882 402.2903225806452
1309.1966663 476.14237220331273 118903278349.48882 120355322689.90746 584.6666666666666
1171.8387095 476.4698517568578 120355322689.90746 120960862138.48552 749.258064516129
481.84666663 476.60641906596425 120960862138.48552 119900147374.0717 707.2
295.6322581 476.36719606993046 119900147374.0717 118778267160.89752 529.2903225806451
224.85806447 476.1141784305136 118778267160.89752 117837123848.14217 362.4193548387097
161.28333337 475.9019666023765 117837123848.14217 116982281607.52487 217.03333333333333
115.03225809999999 475.70926095751236 116982281607.52487 116260854693.65906 89.29032258064517
127.14666663 475.5466309047924 116260854693.65906 116042301225.53206 14.833333333333334
234.11612905 475.4977318970003 116042301225.53206 116640576489.90866 48.193548387096776
372.49677419 475.6322309490326 116640576489.90866 117382768877.76904 157.48387096774192
511.6 475.79954212754035 117382768877.76904 118128800416.09013 277.67857142857144
658.51935486 475.9677187592629 118128800416.09013 118749875642.64331 388.7741935483871
856.1066666300001 476.10777529152983 118749875642.64331 119292324895.31174 483.03333333333336
949.85161285 476.2301138690374 119292324895.31174 119792501095.733 567.741935483871
516.09333337 476.34291860526224 119792501095.733 119210494911.53511 557.6333333333333
311.63548391 476.2116587531653 119210494911.53511 118369354939.4819 441.0
233.72903229000002 476.0219564590622 118369354939.4819 117593250947.16429 310.03225806451616
167.18666663000002 475.8469907455285 117593250947.16429 116835819249.1949 185.63333333333333
117.80000000000001 475.67624419503943 116835819249.1949 116173004714.04361 70.35483870967742
125.45999999999998 475.52682703202066 116173004714.04361 115974758472.28299 5.4
217.72258067 475.4846370278178 115974758472.28299 116559409740.82195 36.87096774193548
402.33870972 475.61393366564965 116559409740.82195 117395499331.57 152.25806451612902
732.26785719 475.8024119322746 117395499331.57 118581506551.78857 316.57142857142856
954.14193553 476.06980301122877 118581506551.78857 119686852478.1725 503.4516129032258
1351.0700000000002 476.3190916730204 119686852478.1725 120955953134.94402 696.5333333333333
1592.1806447000001 476.6053119384177 120955953134.94402 122263945512.98639 906.3548387096774
1183.9866663 476.90030345353773 122263945512.98639 122242943251.8044 1006.4666666666667
497.36451609000005 476.8955668136681 122242943251.8044 120725866877.00723 876.516129032258
301.75161285 476.553420585703 120725866877.00723 119257664707.2582 634.2258064516129
213.82666662999998 476.22229695698195 119257664707.2582 118020037405.45718 415.5
172.30322581000001 475.9432004971725 118020037405.45718 117052679381.6624 236.96774193548387
170.52333337000002 475.7251306090312 117052679381.6624 116651700443.71469 127.86666666666666
261.50967743 475.63473860318186 116651700443.71469 117093802102.42487 134.0
569.4677419 475.7344008346314 117093802102.42487 118106089859.17342 253.80645161290323
938.83214281 475.96259915671175 118106089859.17342 119476093667.21455 447.39285714285717
2323.1806447 476.2715592393357 119476093667.21455 123253724111.46693 874.3225806451613
3496.29 477.1197996744241 123253724111.46693 127887852638.77701 1539.1
3115.6806447 478.13163234163113 127887852638.77701 130934981191.72437 1773.0
1862.0633337 478.78933330276806 130934981191.72437 130749991674.19794 1740.0
791.02903229 478.7494046350525 130749991674.19794 127676613464.4187 1744.0
467.89354837999997 478.0860378727431 127676613464.4187 124153424842.18864 1561.1612903225807
318.58333337 477.3165846111524 124153424842.18864 121437162818.61035 1084.8
222.19354838 476.71383915620436 121437162818.61035 119356788030.24329 698.0
194.61333337 476.2446522395677 119356788030.24329 118206725264.49379 438.96666666666664
322.29354837999995 475.98528522644136 118206725264.49379 118230779407.17072 351.1290322580645
590.3677418999999 475.9907077112648 118230779407.17072 118886107527.5147 408.2903225806452
935.29642854 476.13849966791037 118886107527.5147 119994841753.3447 552.1071428571429
2038.2096771 476.38855249286075 119994841753.3447 122965261759.925 890.7096774193549
2897.7066663 477.05670642168093 122965261759.925 126405998404.9737 1401.6666666666667
3323.7580648000003 477.80927349190154 126405998404.9737 130231012427.6915 1691.7096774193549
2011.1133336999999 478.6373866668879 130231012427.6915 130552663166.54268 1694.0
805.15161285 478.70681268433907 130552663166.54268 127659335071.3704 1691.0
449.01612905 478.0823084548609 127659335071.3704 124115451816.64723 1550.032258064516
295.19 477.30827905001036 124115451816.64723 121362609672.423 1075.6
211.8322581 476.69702518548104 121362609672.423 119286406962.53549 686.1935483870968
211.99333337000002 476.228779197685 119286406962.53549 118197653913.14594 432.73333333333335
301.85483866 475.9832402870031 118197653913.14594 118180340813.94678 346.1290322580645
504.17741933 475.9793374242441 118180340813.94678 118665002231.65356 385.7741935483871
693.76785719 476.0886337915321 118665002231.65356 119359574403.017 481.60714285714283
1066.16451609 476.2452806502068 119359574403.017 120433301007.96024 627.1290322580645
2910.7966663 476.4874382065765 120433301007.96024 124764565970.46704 1072.9
2673.9419352 477.45025502416166 124764565970.46704 127120428786.38708 1592.6129032258063
1664.1733337 477.9655356050716 127120428786.38708 126498639489.12718 1714.2666666666667
695.25806447 477.8295361962221 126498639489.12718 123921268387.55304 1466.8064516129032
390.78064514 477.2658067339355 123921268387.55304 121509461469.708 1072.5483870967741
272.01666663 476.7301446706603 121509461469.708 119611423061.21735 725.7333333333333
177.44838715 476.3020800769547 119611423061.21735 118086337544.87782 448.3225806451613
154.60999999999999 475.95814642580655 118086337544.87782 117292390663.13162 262.7
302.74193553 475.77916831901075 117292390663.13162 117597693995.43939 226.41935483870967
621.62903229 475.84799233440924 117597693995.43939 118545333566.04745 330.258064516129
1007.62142854 476.06164491791776 118545333566.04745 119910746804.07999 518.25
2537.077419 476.3695865593324 119910746804.07999 124003148465.81477 970.5806451612904
3355.38 477.2837157624267 124003148465.81477 128173836425.25682 1576.6
3612.3838715 478.193359901847 128173836425.25682 132760276805.49825 1694.0
2316.73 479.180620332943 132760276805.49825 133875083491.07872 1691.0
1100.9806447 479.4177123545467 133875083491.07872 131767752581.52695 1690.0
543.9 478.9690810665934 131767752581.52695 128085968793.37578 1692.0
371.34666663 478.17439430031857 128085968793.37578 124226736549.37944 1573.8333333333333
252.96451609000002 477.33261954273394 124226736549.37944 121219318562.51114 1071.3225806451612
264.39 476.6647087421089 121219318562.51114 119570325459.99634 699.5666666666667
464.54838715 476.2928113351367 119570325459.99634 119421726463.98544 558.0967741935484
613.82258067 476.25929780423667 119421726463.98544 119706242928.11679 570.516129032258
783.49642854 476.32346480110886 119706242928.11679 120241568823.42184 637.5357142857143
1165.5548391 476.4441968478624 120241568823.42184 121219132738.48334 762.258064516129
1869.6466663 476.66466683321676 121219132738.48334 123058699135.92323 993.4666666666667
2123.4806447 477.0771432930716 123058699135.92323 124789959728.51257 1277.3225806451612
1795.99 477.4558092144603 124789959728.51257 125216694463.6029 1443.2
886.0903225699999 477.54914577069184 125216694463.6029 123503898089.20465 1335.6129032258063
460.69032257000003 477.1745183922145 123503898089.20465 121392250025.85304 1030.6774193548388
311.21333337000004 476.7037099742564 121392250025.85304 119618383735.37962 717.1
238.66451609 476.30364991776713 119618383735.37962 118224373136.96303 460.48387096774195
217.75 475.9892635565742 118224373136.96303 117516783763.82574 292.3333333333333
309.16451609 475.82975287732773 117516783763.82574 117756532358.53369 257.35483870967744
547.04193553 475.88379899876776 117756532358.53369 118484824112.3286 337.5806451612903
909.83928573 476.0479982210935 118484824112.3286 119673069291.76634 493.64285714285717
1421.4290324 476.31598315105236 119673069291.76634 121411312427.91884 734.1612903225806
2428.3 476.70800911770834 121411312427.91884 124377213323.44821 1116.9333333333334
3763.0193553 477.36553222297647 124377213323.44821 129473140720.45996 1657.741935483871
2435.1266663 478.4738054652407 129473140720.45996 130814100178.51237 1725.0
1197.3548391 478.7632419983839 130814100178.51237 128768728657.03345 1766.0
559.33548391 478.3217631463487 128768728657.03345 125139116486.36888 1691.1935483870968
356.71666662999996 477.53217770917956 125139116486.36888 122166346894.56993 1220.7
243.13548391 476.8782920375665 122166346894.56993 119870875929.29236 798.2903225806451
224.42333337000002 476.3605944811214 119870875929.29236 118605482189.35583 512.8
325.73548390999997 476.0752102366612 118605482189.35583 118495764557.38438 404.5806451612903
609.35161285 476.05046561961757 118495764557.38438 119098466750.73547 447.0
985.7 476.1863930425655 119098466750.73547 120239064972.07097 589.4285714285714
2291.8129028000003 476.4436321542785 120239064972.07097 123678356086.73883 969.1612903225806
4449.55 477.21267630943544 123678356086.73883 130256026877.76465 1741.4
3880.1516134000003 478.6427858574929 130256026877.76465 135411649651.8011 1747.0
2452.6166663 479.74450226537664 135411649651.8011 136797053454.50317 1720.0
1183.2322580999999 480.03440894643916 136797053454.50317 134766243848.76683 1741.0
561.03870972 479.6072402911031 134766243848.76683 131044264046.03783 1721.0
363.46333337000004 478.8129212272907 131044264046.03783 126673240627.14885 1759.5666666666666
255.80322581000001 477.8677254215111 126673240627.14885 122813695361.87253 1389.2903225806451
232.89333337 477.0235554159826 122813695361.87253 120543786142.45206 906.3
366.29354837999995 476.51235591846006 120543786142.45206 119835512052.21571 668.9354838709677
548.31935486 476.3526188660838 119835512052.21571 119830421005.25427 613.2258064516129
849.14285719 476.35147068228554 119830421005.25427 120457414787.43199 665.3571428571429
1250.4677419000002 476.49287658715195 120457414787.43199 121543465311.32294 806.6129032258065
1510.1299999999999 476.73781355690636 121543465311.32294 122506226842.56041 972.3333333333334
1514.1870972000002 476.95494516070374 122506226842.56041 123092992872.29048 1096.4516129032259
1239.4633337 477.0846441102998 123092992872.29048 122904674948.83281 1125.8
604.77419352 477.04345471321807 122904674948.83281 121386043985.10344 983.8709677419355
393.15806447 476.70231032591414 121386043985.10344 119881588939.23969 738.4516129032259
287.93 476.3630105862065 119881588939.23969 118583786859.457 511.96666666666664
184.04838715 476.070317289007 118583786859.457 117440635776.17482 313.61290322580646
176.53666663 475.8125869648726 117440635776.17482 116917684979.53357 180.6
337.30322581 475.6946990485874 116917684979.53357 117431105935.50383 183.2258064516129
