466.56451609000004 477.2554680664917 123874000000.0 122263239662.37366 1132.0
660.65 476.9001442630522 122263239662.37366 121717281172.57877 962.4285714285714
952.15483866 476.7770142473114 121717281172.57877 121704590261.00735 918.3870967741935
1659.9866663 476.7741520660819 121704590261.00735 122930363444.74396 1020.4666666666667
2699.1419352 477.04907336936657 122930363444.74396 125972733048.28357 1362.9354838709678
1575.67 477.7145085407445 125972733048.28357 125561093786.48088 1545.6333333333334
719.32258067 477.6244737065794 125561093786.48088 123362518884.87537 1350.1290322580646
439.62580648 477.1435955566219 123362518884.87537 121255170416.95032 1008.1612903225806
329.39333337 476.6727944106789 121255170416.95032 119567564011.92838 702.1333333333333
296.58064514 476.2921885457664 119567564011.92838 118317861511.00684 464.48387096774195
423.20333337 476.0103431463705 118317861511.00684 118014206146.96292 341.6333333333333
647.4677419 475.9418859664028 118014206146.96292 118816957679.85384 385.61290322580646
824.24193553 476.12290430307934 118816957679.85384 119775431153.47359 529.2258064516129
989.3142857299999 476.3390688212615 119775431153.47359 120702655224.78374 681.4642857142857
1362.1709675999998 476.54818566188175 120702655224.78374 121945590741.21687 859.6774193548387
2147.7633336999997 476.8285049032965 121945590741.21687 124129709093.12479 1137.9
1841.0354837999998 477.3113974394411 124129709093.12479 124868530568.24104 1364.8709677419354
1190.78 477.4729944374981 124868530568.24104 123974749225.43591 1348.0
602.82903229 477.2775042050385 123974749225.43591 122073723391.05074 1123.8709677419354
435.22580648 476.8574026592356 122073723391.05074 120415741070.83055 837.1612903225806
330.41999999999996 476.48347791403484 120415741070.83055 119022363450.64969 590.6333333333333
270.25161285 476.1692294656404 119022363450.64969 117910263279.47394 387.51612903225805
258.38666663000004 475.91845430105366 117910263279.47394 117398000546.85864 257.8333333333333
386.09354837999996 475.8029757770195 117398000546.85864 117848110904.43594 255.74193548387098
505.59677418999996 475.9044433959504 117848110904.43594 118453583319.63626 342.0
773.675 476.0409524852585 118453583319.63626 119378012695.12502 466.4642857142857
1221.7258067 476.2494390381427 119378012695.12502 120784830798.23294 658.2903225806451
1835.29 476.56671871859106 120784830798.23294 122701926739.81468 929.5333333333333
2337.2064514000003 476.9990813576488 122701926739.81468 125026320545.2732 1269.6451612903227
1562.3966663 477.50750668094344 125026320545.2732 124873478978.41003 1433.2666666666667
744.0903225699999 477.4740767669314 124873478978.41003 122968674537.15007 1265.7096774193549
447.57419352 477.05745287339244 122968674537.15007 121018583081.61446 957.741935483871
336.36 476.61943687000775 121018583081.61446 119428179295.83798 671.8666666666667
266.34838715 476.26075311137527 119428179295.83798 118162312899.469 440.51612903225805
286.91333337000003 475.9752734218821 118162312899.469 117623212964.56766 296.46666666666664
433.71290324 475.85374503258964 117623212964.56766 118097658411.1658 294.3225806451613
635.39677419 475.96069846960455 118097658411.1658 118898165889.2037 399.0967741935484
1031.23214281 476.1412191901677 118898165889.2037 120196150305.76813 569.8571428571429
2826.0580648 476.4339536097808 120196150305.76813 124821729350.73012 1060.3870967741937
3411.81 477.4627579507284 124821729350.73012 128822720669.47388 1697.9
3811.2419351999997 478.3334169370762 128822720669.47388 134308617754.7265 1556.0
2567.3199999999997 479.5099144523025 134308617754.7265 136438876129.55342 1548.0
1281.1032257000002 479.9629681262342 136438876129.55342 135187083103.26634 1548.0
606.22258067 479.6967424719835 135187083103.26634 132047503859.623 1548.0
405.55 479.02903102076203 132047503859.623 128329284141.95648 1548.0
312.3 478.2269121825937 128329284141.95648 124287899854.5149 1511.1935483870968
287.24333336999996 477.34599734350724 124287899854.5149 121625251434.29565 1110.8666666666666
291.20967743 476.7562587808515 121625251434.29565 120369484604.17984 798.4193548387096
511.45161285000006 476.47304569331976 120369484604.17984 120094573538.38731 677.2258064516129
812.6857142700001 476.4110450018916 120094573538.38731 120561916168.21727 694.9642857142857
939.59354838 476.5164447830891 120561916168.21727 120932103030.22647 763.0645161290323
1083.84333337 476.5999330244083 120932103030.22647 121201005627.61287 814.5666666666667
1108.3645162 476.66057862598393 121201005627.61287 121365985912.65048 849.6451612903226
1088.40666663 476.6977866289243 121365985912.65048 121453638272.24115 869.7666666666667
577.67096771 476.7175548651874 121453638272.24115 120392922859.26634 786.9677419354839
387.67741933 476.4783317228837 120392922859.26634 119230811024.69273 606.0645161290323
280.07666663000003 476.2162406460741 119230811024.69273 118143199833.41896 423.8
238.67096770999999 475.97096479563095 118143199833.41896 117276406460.08447 265.51612903225805
227.76999999999998 475.77556502707046 117276406460.08447 116919294915.77913 167.93333333333334
312.14516134 475.69506197380053 116919294915.77913 117377327737.01549 178.74193548387098
525.89354838 475.79831554035513 117377327737.01549 118193922800.24577 283.35483870967744
871.45714281 475.98239918851345 118193922800.24577 119399812870.45338 447.85714285714283
1979.5193553 476.25435563158624 119399812870.45338 122453520397.19023 801.0322580645161
2226.3033337 476.9430582763171 122453520397.19023 124632428987.3254 1218.0333333333333
1878.1870972000002 477.4213536717685 124632428987.3254 125277679251.35936 1436.516129032258
1151.0333337 477.56248452566916 125277679251.35936 124160516730.28496 1394.1666666666667
505.3548386599999 477.31813576777887 124160516730.28496 121981380968.67499 1130.1935483870968
352.8677419 476.8365766731337 121981380968.67499 120176755062.70334 809.741935483871
267.83000000000004 476.4295794006999 120176755062.70334 118733845626.45685 547.5333333333333
209.46774190000002 476.1041600420516 118733845626.45685 117592312237.73653 338.19354838709677
264.43666663 475.846779133845 117592312237.73653 117203550061.25757 216.5
444.07419352 475.75914113193363 117203550061.25757 117849255591.81424 240.67741935483872
618.75483866 475.9047014408959 117849255591.81424 118701504527.50156 363.06451612903226
766.28928573 476.09686615415006 118701504527.50156 119529975198.77455 498.82142857142856
944.56129028 476.2837111409054 119529975198.77455 120277653760.30081 627.258064516129
1028.55 476.4523350835139 120277653760.30081 120656152586.66498 717.5
978.8838709500001 476.5376979221166 120656152586.66498 120733234150.49442 753.5806451612904
672.42333337 476.55508212685936 120733234150.49442 120156414007.81578 711.0666666666667
416.71612905 476.42499188268283 120156414007.81578 119207012426.60878 585.6451612903226
309.08064514 476.21087334835556 119207012426.60878 118296757760.20555 434.61290322580646
232.99666663 476.0055836175475 118296757760.20555 117434463821.3002 290.96666666666664
172.38709676 475.8111956314924 117434463821.3002 116676501107.26978 159.61290322580646
204.45 475.6403293749481 116676501107.26978 116477978135.62614 83.96666666666667
282.94193553 475.59557667620066 116477978135.62614 117028743536.55748 114.83870967741936
440.87419352 475.7197347918299 117028743536.55748 117782832209.64267 221.5483870967742
697.30357146 475.8897277298563 117782832209.64267 118772117157.31915 363.0357142857143
1152.1419352 476.1127914202343 118772117157.31915 120241956273.03821 565.2903225806451
2360.3566663 476.4442842293726 120241956273.03821 123464528266.28992 950.8333333333334
3241.9032257 477.165907319836 123464528266.28992 127689191068.68506 1463.225806451613
1782.5066662999998 478.0887526589003 127689191068.68506 127800299880.01393 1549.0
751.89677419 478.1127347032191 127800299880.01393 125171683193.76505 1541.3225806451612
392.64516134 477.53930078603787 125171683193.76505 122325568147.14297 1235.4516129032259
267.90333337 476.9142012059411 122325568147.14297 120134801990.02025 833.6
205.84838715 476.4201177244069 120134801990.02025 118484550209.73854 522.741935483871
202.87333337 476.0479364478436 118484550209.73854 117654926822.91768 324.3333333333333
337.94193553 475.86089423420145 117654926822.91768 117908757816.54276 280.9032258064516
511.38064513999996 475.9181149270836 117908757816.54276 118505319493.96552 351.1290322580645
869.33571427 476.0526205444216 118505319493.96552 119605404533.05457 489.57142857142856
1424.8 476.3007227183253 119605404533.05457 121374994855.40578 725.8387096774194
1924.4266662999999 476.69981841574327 121374994855.40578 123277688911.30476 1023.7333333333333
1216.6612905 477.125041319183 123277688911.30476 122942897878.6501 1142.7096774193549
515.56333337 477.051814934088 122942897878.6501 121265819208.19254 977.1333333333333
339.29032257 476.6751960325197 121265819208.19254 119751921320.35188 718.1935483870968
271.14838714999996 476.3337666487036 119751921320.35188 118564515387.78143 499.7096774193548
204.21333337 476.0659709940869 118564515387.78143 117547687325.5697 321.53333333333336
153.72258067 475.83671941514194 117547687325.5697 116708507097.50655 171.16129032258064
159.42333337000002 475.64754443135854 116708507097.50655 116403360235.47156 80.1
225.35161284999998 475.5787556887898 116403360235.47156 116854586530.36046 94.38709677419355
349.11290324 475.68047487158714 116854586530.36046 117469822514.81271 181.5483870967742
486.26071427 475.81916648214894 117469822514.81271 118136539219.91978 285.14285714285717
728.53548391 475.969463304761 118136539219.91978 118907343553.07352 402.8709677419355
1309.1966663 476.14328902865884 118907343553.07352 120358256996.59872 585.1
1172.8387095 476.4705135310326 120358256996.59872 120964564911.37315 749.9677419354839
483.84666663 476.6072541523169 120964564911.37315 119906861119.59328 708.0333333333333
297.6322581 476.36871022092765 119906861119.59328 118786775318.26636 530.6129032258065
227.85806447 476.11609727520664 118786775318.26636 117849315794.02803 364.03225806451616
164.28333337 475.90471501217945 117849315794.02803 116996670345.05263 219.16666666666666
117.03225809999999 475.7125045863509 116996670345.05263 116274579945.10706 91.51612903225806
128.14666663 475.54972496508276 116274579945.10706 116053832892.44974 16.666666666666668
234.11612905 475.4999676019794 116053832892.44974 116648138905.11028 49.67741935483871
372.49677419 475.63393573153974 116648138905.11028 117387658275.7863 158.48387096774192
511.6 475.8006443362909 117387658275.7863 118132224973.83553 278.2857142857143
659.51935486 475.9684907515409 118132224973.83553 118753903031.34685 389.5483870967742
856.1066666300001 476.108683588486 118753903031.34685 119294703769.64731 483.6666666666667
950.85161285 476.2306503765555 119294703769.64731 119796167782.56747 568.258064516129
518.09333337 476.3437455531275 119796167782.56747 119217086479.20969 558.5
313.63548391 476.21314534939324 119217086479.20969 118377827769.69226 442.2903225806452
236.72903229000002 476.02386733642135 118377827769.69226 117605580293.29027 311.5806451612903
170.18666663000002 475.8497701292359 117605580293.29027 116850086190.51474 187.86666666666667
119.80000000000001 475.67946036756416 116850086190.51474 116186522692.06177 72.61290322580645
126.45999999999998 475.52987436701125 116186522692.06177 115987629753.22795 6.633333333333334
217.72258067 475.48713245082143 115987629753.22795 116568313056.87418 38.354838709677416
402.33870972 475.61594072517454 116568313056.87418 117401298646.66101 153.41935483870967
732.26785719 475.8037192620967 117401298646.66101 118585409585.57976 317.35714285714283
954.14193553 476.0706832624221 118585409585.57976 119689457823.38646 503.93548387096774
1351.0700000000002 476.31967925651475 119689457823.38646 120957689933.81744 696.8666666666667
1593.1806447000001 476.60570363865975 120957689933.81744 122267144272.03822 906.8064516129032
1184.9866663 476.90102486965225 122267144272.03822 122246997041.6271 1007.1333333333333
498.36451609000005 476.8964810648685 122246997041.6271 120730427846.16849 877.3225806451613
304.75161285 476.5544492210574 120730427846.16849 119267129328.91199 635.3870967741935
216.82666662999998 476.22443151306084 119267129328.91199 118032657138.61267 417.26666666666665
174.30322581000001 475.94604534233827 118032657138.61267 117065246698.91727 238.96774193548387
171.52333337000002 475.7279636381689 117065246698.91727 116662076906.24886 129.7
261.50967743 475.6370777516341 116662076906.24886 117100467830.89531 135.38709677419354
569.4677419 475.7359034785607 117100467830.89531 118110254735.23792 254.74193548387098
938.83214281 475.9635380377002 118110254735.23792 119478965829.67152 447.92857142857144
2323.1806447 476.27220699812165 119478965829.67152 123255212731.78284 874.8387096774194
3496.29 477.12012526941885 123255212731.78284 127872060320.96915 1545.7666666666667
3116.6806447 478.1282236824885 127872060320.96915 131494369244.62692 1559.0
1863.0633337 478.9100732235327 131494369244.62692 131652423977.00984 1608.0
792.02903229 478.9441882100173 131652423977.00984 129098516401.3139 1550.0
469.89354837999997 478.39294547837557 129098516401.3139 125611514837.83725 1548.0
321.58333337 477.6355019330353 125611514837.83725 122402995734.5774 1276.0333333333333
224.19354838 476.93166344938595 122402995734.5774 119981428856.61662 826.1612903225806
195.61333337 476.3855274823222 119981428856.61662 118616317889.59825 522.4
322.29354837999995 476.077654012088 118616317889.59825 118495137552.12198 405.4193548387097
590.3677418999999 476.05032421112355 118495137552.12198 119056650872.18079 443.38709677419354
935.29642854 476.17696230766364 119056650872.18079 120109445105.94897 575.2857142857143
2038.2096771 476.41439898645666 120109445105.94897 123039121464.52328 905.9032258064516
2897.7066663 477.0728612127129 123039121464.52328 126455191163.36641 1411.1333333333334
3324.7580648000003 477.82003306285355 126455191163.36641 130645790178.20728 1556.0
2012.1133336999999 478.7269134854754 130645790178.20728 131328945665.68086 1555.0
806.15161285 478.874367724084 131328945665.68086 128816283470.24399 1549.0
451.01612905 478.33202751354287 128816283470.24399 125286420001.59758 1545.4516129032259
298.19 477.5643963258088 125286420001.59758 122138591923.7152 1229.6333333333334
213.8322581 476.8720324591148 122138591923.7152 119789232229.92392 789.1935483870968
212.99333337000002 476.3421813779711 119789232229.92392 118527603890.66841 500.0
301.85483866 476.0576463443095 118527603890.66841 118393274768.77226 389.8709677419355
504.17741933 476.02735109805417 118393274768.77226 118802574478.08702 413.96774193548384
693.76785719 476.1196604596497 118802574478.08702 119452413112.28067 500.14285714285717
1066.16451609 476.2662185638883 119452413112.28067 120493094890.17264 639.4516129032259
2910.7966663 476.50092352056214 120493094890.17264 124803863001.93027 1080.7666666666667
2674.9419352 477.45885017540036 124803863001.93027 127328884745.69249 1530.3870967741937
1665.1733337 478.01098310936595 127328884745.69249 127137049240.67241 1549.0
696.25806447 477.9691708750377 127137049240.67241 124461583005.90877 1503.8387096774193
393.78064514 477.3839857843195 124461583005.90877 121866343960.65002 1143.5483870967741
275.01666663 476.8106323772327 121866343960.65002 119850563041.22557 773.7333333333333
179.44838715 476.35601331556734 119850563041.22557 118244305624.03992 480.3225806451613
155.60999999999999 475.9937569035257 118244305624.03992 117397562789.77284 283.93333333333334
302.74193553 475.8028770941778 117397562789.77284 117665673102.41798 240.32258064516128
621.62903229 475.8633167498688 117665673102.41798 118589428342.84087 339.19354838709677
1007.62142854 476.0715896127291 118589428342.84087 119940188105.51215 524.3214285714286
2537.077419 476.3762264559116 119940188105.51215 124022036436.03926 974.516129032258
3355.38 477.28784698950994 124022036436.03926 128064934297.877 1625.9
3613.3838715 478.16985415451694 128064934297.877 133023489563.96294 1556.0
2317.73 479.23659922670413 133023489563.96294 134510515541.97726 1548.0
1101.9806447 479.5528531565243 134510515541.97726 132784203832.64502 1548.0
545.9 479.18570902438216 132784203832.64502 129490055790.721 1548.0
374.34666663 478.4774564624911 129490055790.721 125700125665.51297 1548.0
253.96451609000002 477.65488312893984 125700125665.51297 122176765911.84303 1263.1290322580646
265.39 476.8806418384851 122176765911.84303 120197250805.71118 827.2666666666667
464.54838715 476.434201805528 120197250805.71118 119826528824.28539 641.1290322580645
613.82258067 476.3505928787292 119826528824.28539 119967564248.65979 624.1935483870968
783.49642854 476.3824005973522 119967564248.65979 120417905006.64137 672.75
1165.5548391 476.48396594646846 120417905006.64137 121332752869.54195 785.6451612903226
1869.6466663 476.6902915808619 121332752869.54195 123133235087.93102 1008.4666666666667
2124.4806447 477.0934459947356 123133235087.93102 124840832632.00208 1287.0967741935483
1796.99 477.4669362712166 124840832632.00208 125252345498.32567 1450.0333333333333
887.0903225699999 477.5569434598263 125252345498.32567 123529710431.19086 1340.258064516129
462.69032257000003 477.18016413630596 123529710431.19086 121413586822.70111 1034.3225806451612
314.21333337000004 476.7085220619533 121413586822.70111 119638692272.16139 720.4666666666667
239.66451609 476.30823010197594 119638692272.16139 118239511193.0615 463.38709677419354
218.75 475.9926761030346 118239511193.0615 117528861389.6757 294.5
309.16451609 475.83247551615773 117528861389.6757 117764468007.22171 258.9032258064516
547.04193553 475.88558791867035 117764468007.22171 118490087031.82137 338.5806451612903
909.83928573 476.04918516730294 118490087031.82137 119676435471.95049 494.42857142857144
1421.4290324 476.3167423256541 119676435471.95049 121413122056.58278 734.741935483871
2428.3 476.70841724325277 121413122056.58278 124378501269.86365 1117.1333333333334
3763.0193553 477.36581392604194 124378501269.86365 129816221757.35052 1530.032258064516
2436.1266663 478.5478570596483 129816221757.35052 131614648969.7333 1549.0
1198.3548391 478.93603474416864 131614648969.7333 130153202262.74066 1548.0
561.33548391 478.6205918978504 130153202262.74066 126907784847.47348 1548.0
359.71666662999996 477.9190255571902 126907784847.47348 123402849162.6 1426.9
244.13548391 477.152416702231 123402849162.6 120668255887.85121 961.6774193548387
225.42333337000002 476.5404275795785 120668255887.85121 119127989395.62213 619.1666666666666
325.73548390999997 476.1930512845336 119127989395.62213 118832909997.98775 473.8709677419355
609.35161285 476.1265020293161 118832909997.98775 119316188592.09691 491.6774193548387
985.7 476.2354958484657 119316188592.09691 120385764139.36092 618.8571428571429
2291.8129028000003 476.4767172168157 120385764139.36092 123773584601.7231 988.3548387096774
4449.55 477.233504943509 123773584601.7231 130355568840.2815 1739.6666666666667
3880.1516134000003 478.66427128000896 130355568840.2815 136021877727.6027 1556.0
2453.6166663 479.87428280042593 136021877727.6027 137853983456.08688 1548.0
1184.2322580999999 480.2320028895283 137853983456.08688 136339889553.21727 1548.0
563.03870972 479.9419161108501 136339889553.21727 133081557749.97565 1548.0
366.46333337000004 479.2489489047162 133081557749.97565 129258555834.91583 1548.0
256.80322581 478.42748884846014 129258555834.91583 124986365336.20296 1540.6129032258063
233.89333337 477.498767571348 124986365336.20296 121971538932.36961 1192.8666666666666
366.29354837999995 476.83435699873013 121971538932.36961 120757144946.4666 858.1290322580645
548.31935486 476.5604747285671 120757144946.4666 120425687225.3452 735.3225806451613
849.14285719 476.48572107021766 120425687225.3452 120858315993.11903 745.8928571428571
1250.4677419000002 476.5832918342623 120858315993.11903 121802151997.55894 859.6451612903226
1510.1299999999999 476.7961551640863 121802151997.55894 122675366407.92644 1006.7
1515.1870972000002 476.9930912061178 122675366407.92644 123205087420.82843 1118.6129032258063
1240.4633337 477.1091617280902 123205087420.82843 122981296935.06787 1140.4
605.77419352 477.0602136778364 122981296935.06787 121437533360.88106 994.1935483870968
396.15806447 476.71392272460105 121437533360.88106 119921364943.19801 745.7741935483871
290.93 476.3719812681998 119921364943.19801 118616344012.87303 517.7
186.04838715 476.07765990367005 118616344012.87303 117465729396.44472 318.35483870967744
177.53666663 475.81824377737706 117465729396.44472 116936154006.66779 184.13333333333333
337.30322581 475.6988624902317 116936154006.66779 117443189375.29875 185.61290322580646
