466.56451609000004 477.2554680664917 123874000000.0 122263239662.37366 1132.0
660.65 476.9001442630522 122263239662.37366 121717281172.57877 962.4285714285714
952.15483866 476.7770142473114 121717281172.57877 121704590261.00735 918.3870967741935
1659.9866663 476.7741520660819 121704590261.00735 122930363444.74396 1020.4666666666667
2699.1419352 477.04907336936657 122930363444.74396 125980940183.76122 1359.8709677419354
1575.67 477.7163036272444 125980940183.76122 125614929058.2657 1528.0
719.32258067 477.6362487004081 125614929058.2657 123398357912.48175 1356.8064516129032
439.62580648 477.1514343640599 123398357912.48175 121278222406.14825 1012.9032258064516
329.39333337 476.6779933256987 121278222406.14825 119582424374.83199 705.2666666666667
296.58064514 476.295540003345 119582424374.83199 118327315179.11844 466.48387096774195
423.20333337 476.0124752320971 118327315179.11844 118020442358.68129 342.8666666666667
647.4677419 475.94329178509497 118020442358.68129 118820777339.64948 386.51612903225805
824.24193553 476.12376575093583 118820777339.64948 119777957451.76733 529.7096774193549
989.3142857299999 476.3396385773043 119777957451.76733 120704146539.19505 681.8928571428571
1362.1709675999998 476.54852199801417 120704146539.19505 121946476652.55814 859.9032258064516
2147.7633336999997 476.8287047028773 121946476652.55814 124130247856.82063 1138.0333333333333
1841.0354837999998 477.3115152792696 124130247856.82063 124868722851.89912 1365.0
1190.78 477.4730364942912 124868722851.89912 123974854729.95876 1348.0333333333333
602.82903229 477.27752728126836 123974854729.95876 122073742238.20906 1123.9032258064517
435.22580648 476.8574069098351 122073742238.20906 120415673669.83865 837.1935483870968
330.41999999999996 476.4834627130894 120415673669.83865 119022296300.3863 590.6333333333333
270.25161285 476.16921432124184 119022296300.3863 117910196408.19928 387.51612903225805
258.38666663000004 475.91843922637497 117910196408.19928 117398020069.4923 257.8
386.09354837999996 475.8029801779739 117398020069.4923 117848130437.39684 255.74193548387098
505.59677418999996 475.90444779923286 117848130437.39684 118453602869.674 342.0
773.675 476.0409568943784 118453602869.674 119378032263.6101 466.4642857142857
1221.7258067 476.2494434514231 119378032263.6101 120784850356.36713 658.2903225806451
1835.29 476.56672312953697 120784850356.36713 122701946254.80295 929.5333333333333
2337.2064514000003 476.99908575886394 122701946254.80295 125026340009.38747 1269.6451612903227
1562.3966663 477.5075109381863 125026340009.38747 124873498396.56877 1433.2666666666667
744.0903225699999 477.4740810141227 124873498396.56877 122968607658.90277 1265.741935483871
447.57419352 477.0574382456043 122968607658.90277 121018516402.05789 957.741935483871
336.36 476.6194218317677 121018516402.05789 119428112864.32626 671.8666666666667
266.34838715 476.2607381290767 119428112864.32626 118162246743.9919 440.51612903225805
286.91333337000003 475.9752585085645 118162246743.9919 117623233317.12833 296.43333333333334
433.71290324 475.8537496206331 117623233317.12833 118097678774.49277 294.3225806451613
635.39677419 475.960703060075 118097678774.49277 118898186270.33734 399.0967741935484
1031.23214281 476.14122378672465 118898186270.33734 120196084253.73212 569.8928571428571
2826.0580648 476.4339387130654 120196084253.73212 124821663332.96198 1060.3870967741937
3411.81 477.4627435111466 124821663332.96198 129240751501.17906 1536.5
3811.2419351999997 478.4236459100322 129240751501.17906 134800479268.26614 1528.0
2567.3199999999997 479.61452132459937 134800479268.26614 136960678027.81865 1536.0
1281.1032257000002 480.0649986965449 136960678027.81865 135731725843.0695 1539.0
606.22258067 479.8125746157102 135731725843.0695 132638758230.29097 1530.0
405.55 479.1547763143962 132638758230.29097 128970206969.55908 1528.0
312.3 478.3652508028403 128970206969.55908 124514552496.20045 1665.3225806451612
287.24333336999996 477.39557141211736 124514552496.20045 121774086587.21515 1140.7
291.20967743 476.7898255722181 121774086587.21515 120465679995.8441 818.0967741935484
511.45161285000006 476.4947406395679 120465679995.8441 120156795997.0928 689.9354838709677
812.6857142700001 476.42507803272275 120156795997.0928 120604056352.23207 703.2857142857143
939.59354838 476.5259486585999 120604056352.23207 120959191491.93242 768.6774193548387
1083.84333337 476.6060422850546 120959191491.93242 121218800062.56091 818.1333333333333
1108.3645162 476.6645918048175 121218800062.56091 121377778581.44731 851.8709677419355
1088.40666663 476.7004462294649 121377778581.44731 121461346192.00943 871.3333333333334
577.67096771 476.719293232298 121461346192.00943 120397763454.08565 788.0322580645161
387.67741933 476.4794234222114 120397763454.08565 119233998220.50346 606.6774193548387
280.07666663000003 476.21695945433095 119233998220.50346 118145167856.4947 424.26666666666665
238.67096770999999 475.97140844375446 118145167856.4947 117277504590.79227 265.83870967741933
227.76999999999998 475.77581257682425 117277504590.79227 116919958630.21199 168.1
312.14516134 475.69521159382595 116919958630.21199 117377646142.10565 178.8709677419355
525.89354838 475.79838731787777 117377646142.10565 118194155044.69092 283.38709677419354
871.45714281 475.9824515429871 118194155044.69092 119399958899.10573 447.89285714285717
1979.5193553 476.2543885654275 119399958899.10573 122453666348.59953 801.0322580645161
2226.3033337 476.9430911927378 122453666348.59953 124632488270.99579 1218.0666666666666
1878.1870972000002 477.42136663845054 124632488270.99579 125277738380.6876 1436.516129032258
1151.0333337 477.5624974585931 125277738380.6876 124160575720.00665 1394.1666666666667
505.3548386599999 477.3181486701677 124160575720.00665 121981439810.484 1130.1935483870968
352.8677419 476.8365899437266 121981439810.484 120176813728.79861 809.741935483871
267.83000000000004 476.4295926316641 120176813728.79861 118733904074.317 547.5333333333333
209.46774190000002 476.1041732237972 118733904074.317 117592370442.79543 338.19354838709677
264.43666663 475.8467922549133 117592370442.79543 117203521826.07945 216.53333333333333
444.07419352 475.75913476692506 117203521826.07945 117849227341.69998 240.67741935483872
618.75483866 475.90469507252027 117849227341.69998 118701476252.68695 363.06451612903226
766.28928573 476.09685977733125 118701476252.68695 119529946897.28001 498.82142857142856
944.56129028 476.28370475806946 119529946897.28001 120277625473.77652 627.258064516129
1028.55 476.4523287040542 120277625473.77652 120656124362.54173 717.5
978.8838709500001 476.5376915567302 120656124362.54173 120733206002.88446 753.5806451612904
672.42333337 476.555075778729 120733206002.88446 120156385929.40698 711.0666666666667
416.71612905 476.4249855501594 120156385929.40698 119206984420.45267 585.6451612903226
309.08064514 476.21086703212734 119206984420.45267 118296729837.68156 434.61290322580646
232.99666663 476.00557732018075 118296729837.68156 117434436002.6015 290.96666666666664
172.38709676 475.81118936037007 117434436002.6015 116676473404.11568 159.61290322580646
204.45 475.6403231298728 116676473404.11568 116477950506.90396 83.96666666666667
282.94193553 475.59557044790444 116477950506.90396 117028715893.21994 114.83870967741936
440.87419352 475.71972856023893 117028715893.21994 117782804542.1413 221.5483870967742
697.30357146 475.8897214928181 117782804542.1413 118772089463.71634 363.0357142857143
1152.1419352 476.1127851744962 118772089463.71634 120241928594.08412 565.2903225806451
2360.3566663 476.44427798693823 120241928594.08412 123464500647.75095 950.8333333333334
3241.9032257 477.16590127903567 123464500647.75095 127723875288.52046 1450.258064516129
1782.5066662999998 478.0962390003282 127723875288.52046 127873739483.4205 1534.0
751.89677419 478.12858611772515 127873739483.4205 125244072479.80836 1541.6451612903227
392.64516134 477.5551339632127 125244072479.80836 122372643917.13484 1244.8387096774193
267.90333337 476.924818204135 122372643917.13484 120165404546.15073 83202.87333337 476.06515113914344 118560880150.96219 117704650216.24667 334.53333333333336
337.94193553 475.87210329491586 117704650216.24667 117940790628.95836 287.51612903225805
511.38064513999996 475.9253360299726 117940790628.95836 118525970332.47864 355.38709677419354
869.33571427 476.05727792793834 118525970332.47864 119619073074.77394 492.4642857142857
1424.8 476.30380538447764 119619073074.77394 121383473567.70746 727.7741935483871
1924.4266662999999 476.7017306196904 121383473567.70746 123283387467.6516 1024.8
1216.6612905 477.12628772258347 123283387467.6516 122946338226.15521 1143.5483870967741
515.56333337 477.05256741604444 122946338226.15521 121268129478.16939 977.5666666666667
339.29032257 476.6757170676972 121268129478.16939 119753621706.39137 718.4193548387096
271.14838714999996 476.33415013675943 119753621706.39137 118565865487.58162 499.83870967741933
204.21333337 476.06627548208877 118565865487.58162 117548342480.03848 321.8
154.72258067 475.8368671055091 117548342480.03848 116711142166.94579 171.41935483870967
159.42333337000002 475.648138450619 116711142166.94579 116405211654.78668 80.4
225.35161284999998 475.57917305112414 116405211654.78668 116855747504.97624 94.64516129032258
349.11290324 475.6807365881371 116855747504.97624 117470638663.09738 181.67741935483872
486.26071427 475.81935046508056 117470638663.09738 118137010386.65736 285.2857142857143
728.53548391 475.9695695190842 118137010386.65736 118907728103.03792 402.9032258064516
1309.1966663 476.1433757562106 118907728103.03792 120358381885.91727 585.2
1172.8387095 476.4705416973201 120358381885.91727 120964689462.12723 749.9677419354839
483.84666663 476.6072822422479 120964689462.12723 119906985364.1383 708.0333333333333
297.6322581 476.3687382417993 119906985364.1383 118786812922.05603 530.6451612903226
227.85806447 476.11610575598917 118786812922.05603 117849353285.54953 364.03225806451616
164.28333337 475.9047234638299 117849353285.54953 116996707697.17017 219.16666666666666
118.03225809999999 475.71251300657576 116996707697.17017 116276772415.79749 91.70967741935483
128.14666663 475.5502192100535 116276772415.79749 116054897518.80371 17.1
234.11612905 475.50020232615054 116054897518.80371 116648772013.88823 49.83870967741935
372.49677419 475.634078452184 116648772013.88823 117388032616.18655 158.58064516129033
511.6 475.8007287232161 117388032616.18655 118132513197.45857 278.32142857142856
659.51935486 475.96855572530626 118132513197.45857 118754191102.52498 389.5483870967742
856.1066666300001 476.1087485571775 118754191102.52498 119294904887.97618 483.7
950.85161285 476.2306957347713 119294904887.97618 119796282046.42377 568.2903225806451
518.09333337 476.3437713230545 119796282046.42377 119217200462.14737 558.5
313.63548391 476.21317105596466 119217200462.14737 118377768781.3598 442.35483870967744
236.72903229000002 476.023854032783 118377768781.3598 117605521481.03995 311.5806451612903
170.18666663000002 475.84975687128946 117605521481.03995 116850027596.94473 187.86666666666667
120.80000000000001 475.6794471589145 116850027596.94473 116188446850.53867 72.87096774193549
126.45999999999998 475.53030812681214 116188446850.53867 115989202993.51219 6.766666666666667
217.72258067 475.4874374631984 115989202993.51219 116569282253.23082 38.58064516129032
402.33870972 475.6161592094749 116569282253.23082 117401922905.08963 153.5483870967742
732.26785719 475.80385998762165 117401922905.08963 118585775136.81816 317.4642857142857
954.14193553 476.07076570519126 118585775136.81816 119689650419.59981 504.0
1351.0700000000002 476.31972269273786 119689650419.59981 120957709330.59488 696.9333333333333
1593.1806447000001 476.6057080132149 120957709330.59488 122267163616.23264 906.8064516129032
1184.9866663 476.9010292323483 122267163616.23264 122247016338.26366 1007.1333333333333
498.36451609000005 476.89648541683886 122247016338.26366 120730447093.15007 877.3225806451613
304.75161285 476.55445356182906 120730447093.15007 119267148518.41812 635.3870967741935
216.82666662999998 476.2244358408701 119267148518.41812 118032676256.74117 417.26666666666665
175.30322581000001 475.9460496521058 118032676256.74117 117067335028.38446 239.19354838709677
171.52333337000002 475.72843440675933 117067335028.38446 116663469462.14835 129.96666666666667
261.50967743 475.63739167316237 116663469462.14835 117101688267.42245 135.4516129032258
569.4677419 475.7361785995091 117101688267.42245 118111043994.98134 254.90322580645162
938.83214281 475.9637159591933 118111043994.98134 119479496424.49637 448.0357142857143
2323.1806447 476.27232666317013 119479496424.49637 123255656682.83337 874.8709677419355
3496.29 477.1202223715734 123255656682.83337 128141804185.12779 1441.8333333333333
3116.6806447 478.1864459713205 128141804185.12779 131873097900.27791 1518.0
1863.0633337 478.99181910215367 131873097900.27791 132284001894.00302 1510.0
792.02903229 479.07932834836305 132284001894.00302 129760657331.78812 1538.0
469.89354837999997 478.5358638747654 129760657331.78812 126127338525.71022 1602.0
321.58333337 477.7483242619664 126127338525.71022 122748707764.46939 1341.0666666666666
225.19354838 477.0093411558332 122748707764.46939 120205954749.5761 871.9677419354839
195.61333337 476.4361648059486 120205954749.5761 118762674972.276 552.3666666666667
322.29354837999995 476.11066192428416 118762674972.276 118589717854.11324 424.7741935483871
590.3677418999999 476.071654906205 118589717854.11324 119117689026.18167 455.93548387096774
935.29642854 476.19072824226015 119117689026.18167 120150832196.73596 583.4285714285714
2038.2096771 476.4237330168552 120150832196.73596 123066148316.85672 911.258064516129
2897.7066663 477.0787725977377 123066148316.85672 126544623133.79033 1387.0333333333333
3324.7580648000003 477.839593861284 126544623133.79033 130879445413.0724 1502.0
2012.1133336999999 478.77734630111644 130879445413.0724 131699277717.65314 1502.0
806.15161285 478.95430125569897 131699277717.65314 129292721904.56825 1509.0
451.01612905 478.4348633508673 129292721904.56825 125877712266.14043 1502.0
298.19 477.6937253425504 125877712266.14043 122534571357.7783 1304.3
214.8322581 476.96133769909295 122534571357.7783 120045883720.85681 841.7096774193549
212.99333337000002 476.40006398756356 120045883720.85681 118695387988.98958 534.0666666666667
301.85483866 476.09548669124706 118695387988.98958 118501255994.70184 412.2258064516129
504.17741933 476.051704103451 118501255994.70184 118872357586.90099 428.258064516129
693.76785719 476.13539864386576 118872357586.90099 119499095627.90369 509.7142857142857
1066.16451609 476.27674687142616 119499095627.90369 120523168523.09645 645.6451612903226
2910.7966663 476.5077060268598 120523168523.09645 124823515255.82304 1084.7666666666667
2674.9419352 477.46314856864024 124823515255.82304 127431706421.18657 1499.2903225806451
1665.1733337 478.033176434532 127431706421.18657 127343192997.1924 1509.0
696.25806447 478.0140714433828 127343192997.1924 124667430897.31793 1503.741935483871
393.78064514 477.4290093826155 124667430897.31793 121999990209.73907 1170.3225806451612
275.01666663 476.84077361518695 121999990209.73907 119937836189.89165 791.4666666666667
180.44838715 476.3756960283923 119937836189.89165 118302593149.96773 492.03225806451616
155.60999999999999 476.0068996729742 118302593149.96773 117435763123.73988 291.6333333333333
302.74193553 475.8114885310505 117435763123.73988 117690325102.4098 245.38709677419354
621.62903229 475.8688740086587 117690325102.4098 118605198670.35489 342.51612903225805
1007.62142854 476.0751462946222 118605198670.35489 119950873256.76372 526.4285714285714
2537.077419 476.37863627802517 119950873256.76372 124029001845.30504 975.9032258064516
3355.38 477.2893704823502 124029001845.30504 128480977699.46129 1468.0
3613.3838715 478.25965415485894 128480977699.46129 133585594632.22667 1501.0
2317.73 479.3561451791209 133585594632.22667 135193004774.62036 1501.0
1101.9806447 479.6980018661464 135193004774.62036 133590773754.32877 1501.0
545.9 479.35724665128214 133590773754.32877 130420060096.51701 1501.0
374.34666663 478.6781912576122 130420060096.51701 126745866995.19176 1502.0
254.96451609000002 477.8836104538915 126745866995.19176 122920987795.31601 1375.3225806451612
265.39 477.0470227023876 122920987795.31601 120683137141.55028 926.3
464.54838715 476.54378374865814 120683137141.55028 120139997560.74373 705.5806451612904
613.82258067 476.4212894814487 120139997560.74373 120169973335.42868 665.741935483871
783.49642854 476.4280499177782 120169973335.42868 120553944698.36641 700.25
1165.5548391 476.5146469775296 120553944698.36641 121420263546.62299 803.741935483871
1869.6466663 476.7100278634693 121420263546.62299 123190607748.27051 1020.0333333333333
2124.4806447 477.10599469559725 123190607748.27051 124878296988.2296 1294.483870967742
1796.99 477.4751305748534 124878296988.2296 125277122414.02579 1454.9
887.0903225699999 477.56236273272657 125277122414.02579 123545624452.24442 1343.5483870967741
462.69032257000003 477.1836448933168 123545624452.24442 121423760043.24065 1036.4516129032259
314.21333337000004 476.7108164283357 121423760043.24065 119645205988.05276 721.8666666666667
240.66451609 476.3096991402915 119645205988.05276 118245911743.35532 464.4193548387097
218.75 475.9941189682947 118245911743.35532 117533001470.63576 295.3666666666667
309.16451609 475.83340880762756 117533001470.63576 117766968281.67763 259.51612903225805
547.04193553 475.886151551325 117766968281.67763 118491984441.19524 338.80645161290323
909.83928573 476.04961309003045 118491984441.19524 119677902476.6563 494.60714285714283
1421.4290324 476.3170731792188 119677902476.6563 121414156357.55334 734.9032258064516
2428.3 476.70865050914597 121414156357.55334 124379188079.66533 1117.2666666666667
3763.0193553 477.3659641469084 124379188079.66533 129853161102.88559 1516.483870967742
2436.1266663 478.5558301538713 129853161102.88559 131744709120.66866 1513.0
1198.3548391 478.9641072999501 131744709120.66866 130307022374.48883 1539.0
561.33548391 478.653792871679 130307022374.48883 126825793604.95717 1636.0
359.71666662999996 477.9010922145576 126825793604.95717 123302434423.21251 1434.1666666666667
245.13548391 477.13045372336234 123302434423.21251 120605758162.17445 948.6451612903226
225.42333337000002 476.5263324677885 120605758162.17445 119087143251.53384 610.8666666666667
325.73548390999997 476.1838392538416 119087143251.53384 118806647853.05804 468.4193548387097
609.35161285 476.12057912788856 118806647853.05804 119299238908.54381 488.19354838709677
985.7 476.2316731864104 119299238908.54381 120374330720.10417 616.5714285714286
2291.8129028000003 476.4741386378223 120374330720.10417 123765957719.16234 986.9354838709677
4449.55 477.23183677147034 123765957719.16234 130979869432.29878 1495.7333333333333
3880.1516134000003 478.799022109281 130979869432.29878 136700757153.73132 1535.0
2453.6166663 480.016406272898 136700757153.73132 138596330591.7295 1523.0
1184.2322580999999 480.37078530411844 138596330591.7295 137046040427.15112 1561.0
563.03870972 480.08095726811575 137046040427.15112 133413950846.31178 1687.0
366.46333337000004 479.31964075846696 133413950846.31178 129475925468.54597 1592.0
257.80322581 478.47440653324975 129475925468.54597 125073556074.366 1590.0
233.89333337 477.51783816149737 125073556074.366 122028648362.23598 1204.4
366.29354837999995 476.8472368881903 122028648362.23598 120793802155.90198 865.7741935483871
548.31935486 476.5687420288457 120793802155.90198 120448891887.67995 740.3548387096774
849.14285719 476.4909544176094 120448891887.67995 120874281434.5299 748.8928571428571
1250.4677419000002 476.58689252019167 120874281434.5299 121812408111.06796 861.7741935483871
1510.1299999999999 476.79846822531977 121812408111.06796 122681629926.03859 1008.2333333333333
1515.1870972000002 476.99450381732936 122681629926.03859 123209177616.05696 1119.4193548387098
0972000002 476.9634519071403 122543945756.26035 123119654682.89668 1101.5483870967741
1240.4633337 477.09047565242713 123119654682.89668 122924715423.0834 1129.3333333333333
605.77419352 477.04783801904716 122924715423.0834 121401114850.21791 986.7096774193549
396.15806447 476.70570925805544 121401114850.21791 119897994793.41107 740.9354838709677
290.93 476.36671059842377 119897994793.41107 118601339001.23761 514.5
186.04838715 476.07427582346355 118601339001.23761 117456131525.69981 316.35483870967744
177.53666663 475.816080145559 117456131525.69981 116929601665.54219 182.96666666666667
337.30322581 475.6973854070203 116929601665.54219 117438880565.10909 184.7741935483871
