233.0 582.0 62840000.0 61125352.23527776 233.6720430107527
272.0 580.9511463141326 61125352.23527776 53859108.481695086 275.0357142857143
272.0 575.6980140165298 53859108.481695086 52248850.311611064 272.5779569892473
234.0 574.4636978841507 52248850.311611064 62829103.34717591 229.85
265.40860215053766 581.9933344942831 62829103.34717591 56824380.09087564 267.5806451612903
666.0888888888888 577.9709927550299 56824380.09087564 46152463.89076352 670.15
509.7768817204301 569.7906161086514 46152463.89076352 60051548.40360114 504.51612903225805
245.61021505376345 580.2942982256071 60051548.40360114 38010493.77935315 253.75806451612902
232.0 563.2765423444146 38010493.77935315 53168641.309035026 226.05
232.0 575.168748097607 53168641.309035026 50931363.277488805 232.7231182795699
236.0 573.4538005082956 50931363.277488805 47071952.309364796 237.45
238.0 570.4954343854349 47071952.309364796 57524665.97810413 234.11290322580646
246.0 578.5077850433363 57524665.97810413 35923724.64188368 254.09677419354838
270.0 561.1635332244091 35923724.64188368 50401362.947268054 264.04761904761904
263.0 573.0475377301203 50401362.947268054 47559827.495546326 264.0376344086022
237.0 570.8694068477885 47559827.495546326 41292222.41340217 239.35
238.0 566.0650803068663 41292222.41340217 48968383.39490379 235.06451612903226
232.0 571.9491115201416 48968383.39490379 64250685.10009979 226.05
232.0 582.879972813892 64250685.10009979 35235378.064729825 242.76344086021504
232.0 560.466531064882 35235378.064729825 35622699.83695077 231.7741935483871
231.32222222222222 560.8587231969125 35622699.83695077 51364737.18145211 225.1472222222222
152.96774193548387 573.7859959356822 51364737.18145211 38552830.52743454 157.63978494623655
179.22222222222223 563.8256986809894 38552830.52743454 48791779.37169856 175.23333333333332
205.15322580645162 571.8137386967429 48791779.37169856 53995509.82469474 203.2258064516129
238.84408602150538 575.8025701562038 53995509.82469474 54375988.139965124 238.73387096774192
283.8690476190476 576.094219365805 54375988.139965124 35589988.078365445 291.6666666666667
291.0 560.8256001058235 35589988.078365445 63838091.92283523 280.4301075268817
234.0 582.6226008609561 63838091.92283523 35106742.51770629 245.01666666666668
234.0 560.3362779960892 35106742.51770629 62654588.00374436 223.6451612903226
261.65833333333336 581.8865830873968 62654588.00374436 54004084.01893043 264.94166666666666
241.36290322580646 575.809142559601 54004084.01893043 52600567.40622209 241.81720430107526
232.0 574.7333006670941 52600567.40622209 55528801.6741811 230.8252688172043
234.0 576.9778890588663 55528801.6741811 63558496.039869726 230.8
193.5 582.4481914368625 63558496.039869726 44921671.52289655 200.34677419354838
184.67222222222222 568.8471730611382 44921671.52289655 63396883.632487305 177.50555555555556
202.74193548387098 582.3473790550815 63396883.632487305 59571678.11482753 204.18548387096774
242.46236559139786 580.0007605489636 59571678.11482753 49648853.0115452 246.19892473118279
304.8154761904762 572.4707139817957 49648853.0115452 61779648.64641161 299.8333333333333
273.0 581.3513808209433 61779648.64641161 47598301.1392844 278.27150537634407
241.0 570.8988981678883 47598301.1392844 58877299.43794554 236.58055555555555
237.0 579.5446233166617 58877299.43794554 42188690.90184297 243.16129032258064
234.0 566.7522530460019 42188690.90184297 47880812.1679634 231.75
232.0 571.1154522129178 47880812.1679634 48299132.0433639 231.7741935483871
232.0 571.4361082296326 48299132.0433639 51227863.78042573 230.8252688172043
235.0 573.6810779479215 51227863.78042573 52000061.045393735 234.6
168.86290322580646 574.2729926850964 52000061.045393735 33650243.42803681 175.6021505376344
180.2861111111111 558.8614642256098 33650243.42803681 47323650.21499126 174.97222222222223
198.73655913978496 570.6883691527738 47323650.21499126 41964880.19810737 200.752688172043
234.90322580645162 566.5806947410342 41964880.19810737 35181579.81009708 237.46774193548387
261.0 560.4120563265709 35181579.81009708 37937794.94539585 259.89285714285717
267.0 563.2029293623135 37937794.94539585 47033839.82782229 263.5806451612903
233.0 570.4662199081002 47033839.82782229 55022378.86155602 229.85
232.0 576.5896992275455 55022378.86155602 57981910.76498218 230.8252688172043
232.0 578.8582782917949 57981910.76498218 41289454.337705895 238.38611111111112
232.0 566.0629584853156 41289454.337705895 44249366.93943219 230.8252688172043
151.6290322580645 568.3318293674004 44249366.93943219 53148837.06704607 148.2258064516129
158.84444444444443 575.1535674912728 53148837.06704607 36066604.57833276 165.33333333333334
146.2284946236559 561.3082097980471 36066604.57833276 62386599.8839965 136.29032258064515
175.28333333333333 581.7226541843595 62386599.8839965 56108656.841315076 177.66666666666666
191.08602150537635 577.4223672180422 56108656.841315076 43074762.76014032 195.96774193548387
233.88440860215053 567.431456424356 43074762.76014032 38645919.76267909 235.56989247311827
265.0 563.9199584625408 38645919.76267909 44210067.01495619 262.73214285714283
277.0 568.3017046757931 44210067.01495619 57280532.00588165 272.0967741935484
237.0 578.3206482810616 57280532.00588165 55938043.70397292 237.45
237.0 577.2915866067528 55938043.70397292 36707208.79361262 244.11021505376345
235.0 561.9568692615668 36707208.79361262 42528952.69447831 232.7
238.0 567.0130749611983 42528952.69447831 50205019.36628298 235.06451612903226
161.54569892473117 572.8970338829724 50205019.36628298 52652887.6210617 160.55107526881721
161.3972222222222 574.7734058417958 52652887.6210617 53355095.996734306 161.025
150.11021505376345 575.3116717810639 53355095.996734306 43286665.170111276 153.75806451612902
183.6888888888889 567.5938866283918 43286665.170111276 45792521.85726185 182.68333333333334
197.83333333333334 569.5147086380814 45792521.85726185 41672233.69733959 199.38709677419354
214.22043010752688 566.3563715215078 41672233.69733959 59894282.43292853 207.44892473118279
266.48511904761904 580.1980982967382 59894282.43292853 61260862.0993073 265.95238095238096
225.20430107526883 581.0340379862785 61260862.0993073 49650381.54535224 229.51612903225808
207.4777777777778 572.4718856535014 49650381.54535224 37234768.35826531 212.2
183.88709677419354 562.4910625996995 37234768.35826531 36610791.45914248 184.05107526881721
172.73333333333332 561.8592395317592 36610791.45914248 42391278.45625016 170.45
159.0241935483871 566.9075431052419 42391278.45625016 49637164.60376056 156.25
145.15591397849462 572.4617544307383 49637164.60376056 45893832.804409824 146.4731182795699
22.725 569.5923668290316 45893832.804409824 11025752.653379008 36.111111111111114
0.06182795698924731 530.1492097718071 11025752.653379008 10847902.90622649 0.08064516129032258
13.044444444444444 529.7993264018935 10847902.90622649 16257554.646703936 10.938888888888888
30.551075268817204 538.4648764106407 16257554.646703936 39405407.000491686 21.922043010752688
84.13709677419355 564.6187739031825 39405407.000491686 46617176.155364975 81.4758064516129
237.92559523809524 570.1468334257056 46617176.155364975 60482856.475441836 232.22619047619048
279.88709677419354 580.5581302908288 60482856.475441836 61522160.80045358 279.4758064516129
238.0 581.1938749577242 61522160.80045358 55384693.46485503 240.3
234.0 576.8674253513168 55384693.46485503 48451674.663124576 236.5188172043011
232.0 571.5530371916736 48451674.663124576 61271515.55567416 227.0
234.0 581.0405547282049 61271515.55567416 54339009.991789974 236.5188172043011
232.0 576.0658743925044 54339009.991789974 54726013.41164794 231.7741935483871
238.0 576.3625253105317 54726013.41164794 46037633.07884781 241.25
164.28763440860214 569.7025944943072 46037633.07884781 61823390.960683696 158.28225806451613
181.35 581.3781380876522 61823390.960683696 57532783.1529106 182.96666666666667
200.53494623655914 578.5140071262291 57532783.1529106 56414868.27455127 200.96774193548387
268.81720430107526 577.6570884068454 56414868.27455127 44541013.121179834 273.28225806451616
299.0 568.5553858093211 44541013.121179834 50969248.10381701 296.375
267.0 573.4828404803808 50969248.10381701 53758068.17703677 265.93548387096774
234.0 575.6205632819971 53758068.17703677 61876087.44042523 230.8
236.0 581.4103726364303 61876087.44042523 47592301.2547869 241.26344086021504
232.0 570.894299058028 47592301.2547869 62874197.61517393 226.05
232.0 582.0213321680727 62874197.61517393 33859095.510866664 242.76344086021504
237.0 559.0729425093488 33859095.510866664 43923648.36956218 233.16129032258064
178.73055555555555 568.0821553133417 43923648.36956218 59680496.71952911 172.55
145.2768817204301 580.0673251209886 59680496.71952911 35003340.363840826 154.3790322580645
177.59722222222223 560.2315756165959 35003340.363840826 54235386.72749438 170.13888888888889
190.61290322580646 575.9864437340012 54235386.72749438 34275136.63449799 198.08064516129033
206.69892473118279 559.4942151229529 34275136.63449799 46398196.88959462 202.20430107526883
286.76190476190476 569.9789785776952 46398196.88959462 40586428.25221123 289.19642857142856
270.0 565.5240657444305 40586428.25221123 47436167.31811273 267.4193548387097
238.0 570.7746172328218 47436167.31811273 41298298.728654705 240.3
239.0 566.0697380034277 41298298.728654705 49103889.53690405 236.01612903225808
226.0222222222222 572.0529814586489 49103889.53690405 58640772.26808842 222.2888888888889
153.99462365591398 579.3633174199275 58640772.26808842 45395082.374096416 158.8709677419355
141.7715053763441 569.2100581324486 45395082.374096416 36467038.83768315 145.0241935483871
151.93055555555554 561.7136792995733 36467038.83768315 52837579.86359039 145.51388888888889
140.3763440860215 574.9149785527521 52837579.86359039 55685938.7890918 139.2016129032258
162.61944444444444 577.098339853362 55685938.7890918 43554372.507334374 167.26111111111112
31.513440860215052 567.7990931544196 43554372.507334374 45344621.54501454 30.86021505376344
73.78494623655914 569.1713782384129 45344621.54501454 51325724.996451214 71.58333333333333
131.90178571428572 573.756091805897 51325724.996451214 60150921.894897126 128.28571428571428
239.0268817204301 580.3550852016658 60150921.894897126 63055131.43883449 237.91935483870967
236.0 582.134197077416 63055131.43883449 61582952.13805652 236.5
236.0 581.2310611482792 61582952.13805652 49840689.45542499 240.31451612903226
234.0 572.6177629593187 49840689.45542499 57995018.98317122 230.8
213.75 578.868326174475 57995018.98317122 55575840.757522635 214.58333333333334
148.42741935483872 577.0139460716481 55575840.757522635 61875471.81776704 145.99462365591398
156.28055555555557 581.4099960587405 61875471.81776704 60093922.99567379 156.86666666666667
142.68548387096774 580.3202188537366 60093922.99567379 39773281.02634396 150.16129032258064
172.725 564.9007615081695 39773281.02634396 53835317.06747776 167.26111111111112
90.06989247311827 575.6797771108422 53835317.06747776 55323423.32401282 89.52956989247312
108.61021505376344 576.8204597623946 55323423.32401282 61448980.9926129 106.35483870967742
198.03571428571428 581.1491107135664 61448980.9926129 39235090.99136226 207.25
266.81451612903226 564.488221050493 39235090.99136226 63040716.47066024 257.9032258064516
236.0 582.1252051485259 63040716.47066024 34583056.503131844 246.9111111111111
237.0 559.8060069158118 34583056.503131844 49776351.82153303 231.25806451612902
235.0 572.5684460355438 49776351.82153303 53135595.21145505 233.65
184.15322580645162 575.1434171711053 53135595.21145505 38845100.08266716 189.41935483870967
142.752688172043 564.121643366301 38845100.08266716 35777879.8717212 143.81720430107526
152.8111111111111 561.0158545358925 35777879.8717212 36840911.655403815 152.3
142.51075268817203 562.0922533638437 36840911.655403815 37608973.930642895 142.11290322580646
171.85 562.869973602835 37608973.930642895 46904756.75277211 168.225
81.38709677419355 570.3672734627962 46904756.75277211 54462471.056134105 78.58064516129032
118.3763440860215 576.1605113807041 54462471.056134105 46979754.77849633 121.20161290322581
195.9702380952381 570.4247619294085 46979754.77849633 55581871.16043883 192.44642857142858
265.81182795698925 577.0185685748855 55581871.16043883 39938744.25256321 271.6290322580645
239.0 565.0275945422954 39938744.25256321 33930256.93483433 241.25
238.0 559.144998749369 33930256.93483433 46704299.64638945 233.16129032258064
235.0 570.2136164624127 46704299.64638945 50063489.06702284 233.65
245.0 572.78854622873 50063489.06702284 35707229.45383035 250.29032258064515
173.3521505376344 560.9443157275715 35707229.45383035 60065179.13577223 164.17741935483872
161.59722222222223 580.3026361734777 60065179.13577223 60430275.3109719 161.35555555555555
150.23924731182797 580.5259662806477 60430275.3109719 54272795.56064756 152.42741935483872
177.1 576.0151188415786 54272795.56064756 33954417.405409105 184.9
205.46236559139786 559.1694630246698 33954417.405409105 58922019.18908594 196.15591397849462
252.8709677419355 579.57890248462 58922019.18908594 43980787.54927549 258.48118279569894
292.0 568.1259543839636 43980787.54927549 57774615.360781394 286.33035714285717
270.0 578.6993795100178 57774615.360781394 52096401.16373698 272.0967741935484
232.0 574.3468405714016 52096401.16373698 32911740.75886275 239.33333333333334
232.0 558.1136752885903 32911740.75886275 33330101.162689768 231.7741935483871
232.0 558.5372963460724 33330101.162689768 48613262.428241275 226.05
234.0 571.676899556718 48613262.428241275 41680206.174305916 236.5188172043011
232.0 566.3624826887215 41680206.174305916 42067285.945416205 231.7741935483871
240.0 566.6591921325083 42067285.945416205 58075275.68075095 233.72222222222223
175.19354838709677 578.9298455869484 58075275.68075095 45012001.80692788 179.95967741935485
181.21666666666667 568.9164142107212 45012001.80692788 40865160.28483468 182.77777777777777
200.02956989247312 565.7377230640266 40865160.28483468 36543259.0554212 201.65860215053763
218.6263440860215 561.7908579449335 36543259.0554212 46427038.488182485 214.96774193548387
298.6279761904762 570.001086616693 46427038.488182485 38937564.76833276 301.7559523809524
284.0 564.2152707449035 38937564.76833276 56788954.512651265 277.31182795698925
234.0 577.9438378779341 56788954.512651265 35423002.006932825 242.175
235.0 560.6565142757163 35423002.006932825 55454693.22803705 227.4516129032258
234.0 576.9210824844172 55454693.22803705 61146546.64994744 231.75
237.03225806451613 580.9641109826806 61146546.64994744 56035621.86376002 238.8709677419355
150.2284946236559 577.366383492762 56035621.86376002 39670648.66944624 156.25806451612902
159.55555555555554 564.8220904129522 39670648.66944624 49950249.07372141 155.48888888888888
145.7688172043011 572.7017440294558 49950249.07372141 50113347.01356219 145.59677419354838
176.70277777777778 572.8267639933617 50113347.01356219 56327349.45438323 174.26666666666668
213.96505376344086 577.5900023372777 56327349.45438323 39376718.86811424 220.30913978494624
252.8951612903226 564.5967835011096 39376718.86811424 56086910.542722665 246.68817204301075
272.0 577.405697961105 56086910.542722665 52982398.81205369 273.3154761904762
343.8037634408602 575.0259870653517 52982398.81205369 45453235.29339796 346.59139784946234
317.8833333333333 569.2546342679854 45453235.29339796 59481240.565702744 312.40277777777777
1183.3091397849462 579.9454397077437 59481240.565702744 52396005.986809716 1185.8790322580646
922.5944444444444 574.5764975750595 52396005.986809716 69138527.00536846 916.0777777777778
451.9005376344086 585.9289651048962 69138527.00536846 55952397.87776156 456.752688172043
236.8521505376344 577.3025895555988 55952397.87776156 39901594.250303164 242.76344086021504
232.0 564.9991178371562 39901594.250303164 52597498.57954765 227.0
237.0 574.7309483099739 52597498.57954765 35794354.88215594 243.16129032258064
194.72222222222223 561.0325367105881 35794354.88215594 61153035.943336144 184.9
208.64247311827958 580.9680804972535 61153035.943336144 49004655.13150106 213.19354838709677
246.45967741935485 571.9769150056095 49004655.13150106 46649141.70342147 247.3709677419355
285.88392857142856 570.171336075268 46649141.70342147 50269289.2357641 284.41964285714283
281.0 572.9462988630858 50269289.2357641 45800657.81422199 282.64516129032256
254.0 569.5209451181161 45800657.81422199 43320426.561148524 254.88888888888889
261.0 567.6197658509806 43320426.561148524 59075810.58294537 255.0483870967742
246.0 579.6967886732998 59075810.58294537 56185633.81740408 247.0611111111111
193.7768817204301 577.4813726155452 56185633.81740408 49066724.05201133 196.36559139784947
152.85752688172042 572.0244928855598 49066724.05201133 63069648.82471534 147.5483870967742
163.03333333333333 582.1432528935603 63069648.82471534 34310319.6738654 174.02777777777777
150.78763440860214 559.5298405698306 34310319.6738654 48291266.81101158 145.45698924731184
182.4111111111111 571.4300792689618 48291266.81101158 38290740.72770566 186.23055555555555
195.56182795698925 563.5603132451289 38290740.72770566 61436805.79786691 186.93548387096774
244.53494623655914 581.1416631210357 61436805.79786691 49332308.94103534 249.08602150537635
310.5357142857143 572.2280724848617 49332308.94103534 62024751.339217395 305.32142857142856
293.0 581.5013106596276 62024751.339217395 50154652.67208308 297.40860215053766
254.0 572.8584261464364 50154652.67208308 50150677.191881165 253.93333333333334
246.0 572.8553788094079 50150677.191881165 62542209.25513968 241.30376344086022
236.0 581.8178407677716 62542209.25513968 63568828.8933246 235.55
245.0 582.4546369789114 63568828.8933246 49213382.136573955 250.29032258064515
178.57258064516128 572.1369111567926 49213382.136573955 36965633.25629718 183.06451612903226
164.5388888888889 562.2185432707709 36965633.25629718 56159602.15697819 157.03333333333333
153.34139784946237 577.4614184870625 56159602.15697819 48072540.909503415 156.25
184.16944444444445 571.2624186330362 48072540.909503415 49059405.48745915 183.75
198.88440860215053 572.0188829638339 49059405.48745915 44255168.93675077 200.69354838709677
247.6720430107527 568.3362767901947 44255168.93675077 59258998.84469508 242.1021505376344
298.8452380952381 579.8094939741486 59258998.84469508 46765438.83482763 304.0416666666667
286.0 570.2604816719871 46765438.83482763 46285568.34760069 286.1559139784946
242.0 569.8926450760666 46285568.34760069 55217193.91764173 238.48611111111111
243.0 576.7390314098155 55217193.91764173 43150815.50738581 247.43548387096774
239.0 567.4897533698899 43150815.50738581 59160600.1547972 232.76944444444445
253.0 579.7493032861792 59160600.1547972 46849724.10200127 257.5268817204301
160.3709677419355 570.3250891162635 46849724.10200127 18211981.32656201 171.0
163.49722222222223 541.1460393649587 18211981.32656201 33069197.92175999 157.66666666666666
156.31451612903226 558.2731123893401 33069197.92175999 35112846.733807966 155.44086021505376
181.67777777777778 560.3424589693755 35112846.733807966 43508915.10178744 178.4
201.2311827956989 567.7642485499673 43508915.10178744 34651082.32404519 204.55376344086022
246.44086021505376 559.8748881242814 34651082.32404519 53931127.55095445 239.2741935483871
311.8065476190476 575.7532190145092 53931127.55095445 36462478.15004748 319.0595238095238
294.09139784946234 561.7090612637808 36462478.15004748 35831394.610205345 294.3037634408602
232.2111111111111 561.0700421929942 35831394.610205345 34115022.30744291 232.80555555555554
256.93279569892474 559.332087445657 34115022.30744291 38299097.269435674 255.30107526881721
211.14444444444445 563.5687748658085 38299097.269435674 54467945.23526376 204.8527777777778
160.16666666666666 576.1647075200168 54467945.23526376 61943280.24454042 157.30645161290323
145.5241935483871 581.451474617671 61943280.24454042 53268188.32163566 148.68279569892474
155.55555555555554 575.2450541744001 53268188.32163566 38828945.90194576 161.025
144.56182795698925 564.1052860555772 38828945.90194576 53557873.43928486 138.9516129032258
175.2111111111111 575.4671073958447 53557873.43928486 61571607.514875256 172.08055555555555
86.93548387096774 581.2241216181418 61571607.514875256 49408254.79802295 91.49193548387096
