253.0 582.0 62840000.0 42146127.99609429 260.758064516129
406.6309523809524 566.7196271713548 42146127.99609429 13620574.058898635 418.4375
418.01075268817203 534.8473579147346 13620574.058898635 11721100.19236237 418.7096774193548
316.0 531.5188337122289 11721100.19236237 46999996.96957061 302.3222222222222
235.0 570.4402782381978 46999996.96957061 47821911.188854046 234.6236559139785
559.9111111111112 571.070302664803 47821911.188854046 52041160.84361764 558.2277777777778
509.7768817204301 574.3044970394463 52041160.84361764 62973855.58307106 505.6236559139785
245.88978494623655 582.0834979217416 62973855.58307106 34481673.27515578 256.4462365591398
232.0 559.7033488490989 34481673.27515578 46717129.86535898 227.17777777777778
232.0 570.2234512494986 46717129.86535898 44502146.7214348 232.71505376344086
232.0 568.5255934287551 44502146.7214348 56900199.38263468 227.17777777777778
232.0 578.0291107492139 56900199.38263468 55026311.14414005 232.71505376344086
259.8010752688172 576.5927134521714 55026311.14414005 46658910.97460194 262.9569892473118
371.6517857142857 570.1788245446597 46658910.97460194 11118996.217799505 386.35714285714283
355.0 530.33287133809 11118996.217799505 12099616.396948185 354.6236559139785
298.4111111111111 532.2643959333827 12099616.396948185 51980017.09833726 282.9583333333333
235.0 574.2576283369018 51980017.09833726 52801450.77526641 234.6236559139785
232.0 574.8872844119026 52801450.77526641 33380152.402050145 239.4388888888889
232.0 558.5879769524399 33380152.402050145 63059142.968625724 220.8494623655914
232.0 582.1366994340073 63059142.968625724 60927145.97354889 232.71505376344086
226.72222222222223 580.8299031221177 60927145.97354889 59482794.00911457 227.17777777777778
157.95967741935485 579.9463899523839 59482794.00911457 49645442.92218091 161.5215053763441
180.2277777777778 572.4681000355395 49645442.92218091 54973759.09546644 178.13333333333333
204.16129032258064 576.5524305691702 54973759.09546644 42098280.225337595 208.98387096774192
236.01075268817203 566.6829502729291 42098280.225337595 54063457.61967607 231.5752688172043
358.7529761904762 575.8546543878278 54063457.61967607 12878905.878715398 375.7916666666667
447.69086021505376 533.7993600641364 12878905.878715398 12196165.763340613 447.93548387096774
323.0 532.4545689277921 12196165.763340613 53270939.439359516 307.0861111111111
235.0 575.2471629971043 53270939.439359516 54092554.64562931 234.6236559139785
232.0 575.8769582203471 54092554.64562931 63974829.739033654 228.13333333333333
232.0 582.707896694078 63974829.739033654 61873622.37854411 232.71505376344086
232.0 581.4088647528329 61873622.37854411 59740877.16367121 232.71505376344086
232.0 580.1042599671393 59740877.16367121 40196113.461689465 239.4388888888889
200.28225806451613 565.224876551295 40196113.461689465 48371797.03402338 197.11827956989248
185.68055555555554 571.4918083477233 48371797.03402338 36052747.82990066 190.39444444444445
202.74462365591398 561.2941788085692 36052747.82990066 51163547.483077265 197.11827956989248
239.63172043010752 573.6317773793128 51163547.483077265 43970153.093217455 242.3494623655914
419.5029761904762 568.1178027217549 43970153.093217455 12217224.46857667 432.64285714285717
353.51075268817203 532.4960481956813 12217224.46857667 11513335.734991428 353.76344086021504
304.0 531.1096006901346 11513335.734991428 40384352.9455536 292.7944444444444
234.0 565.3691683400285 40384352.9455536 38527267.84864258 234.6236559139785
232.0 563.7998145654686 38527267.84864258 50887061.29697674 227.17777777777778
232.0 573.4198415753378 50887061.29697674 48785486.20556166 232.71505376344086
232.0 571.8089147768083 48785486.20556166 46652783.663525224 232.71505376344086
232.0 570.174127758113 46652783.663525224 58887918.26590665 227.17777777777778
175.7741935483871 579.5527629994175 58887918.26590665 33202113.788084332 185.252688172043
181.29444444444445 558.4076996001119 33202113.788084332 41295562.75790584 178.13333333333333
198.73924731182797 566.0676407913807 41295562.75790584 45678399.12771796 197.11827956989248
242.06720430107526 569.4272297922888 45678399.12771796 45007695.64729786 242.3494623655914
361.7202380952381 568.9131133969768 45007695.64729786 9481829.389609454 376.41964285714283
294.0725806451613 527.114285351991 9481829.389609454 9519916.969699396 294.0483870967742
285.4611111111111 527.1891471473402 9519916.969699396 54196788.413621105 268.15833333333336
235.0 575.9568568501204 54196788.413621105 55018643.38384929 234.6236559139785
232.0 576.5868358603655 55018643.38384929 35596861.61508998 239.4388888888889
203.69354838709677 560.8325600735193 35596861.61508998 53022624.15399283 197.11827956989248
155.7284946236559 575.0568211200446 53022624.15399283 37290525.86031272 161.5215053763441
163.70555555555555 562.5475212218918 37290525.86031272 63192416.72945798 153.61111111111111
151.21774193548387 582.2198344202131 63192416.72945798 35297094.46876332 161.5215053763441
176.29166666666666 560.5290235189993 35297094.46876332 62203823.37561849 165.87222222222223
191.08870967741936 581.6108494052985 62203823.37561849 46095318.339243576 197.11827956989248
259.1801075268817 569.746812153829 46095318.339243576 48880834.10677355 258.1720430107527
378.24107142857144 571.8820020958735 48880834.10677355 10187873.441181406 394.25
347.7258064516129 528.502027108529 10187873.441181406 12774549.402066715 346.75
303.14444444444445 533.5938094283132 12774549.402066715 33912911.37957465 294.9222222222222
235.0 559.1274350832225 33912911.37957465 34734881.42071549 234.6236559139785
232.0 559.9597409488383 34734881.42071549 47094365.03865174 227.17777777777778
209.91397849462365 570.5126144835357 47094365.03865174 49399735.99171043 208.98387096774192
157.65860215053763 572.2797575487559 49399735.99171043 38837290.58135569 161.5215053763441
166.25833333333333 564.1137356647745 38837290.58135569 39576181.61033935 165.87222222222223
154.1048387096774 564.7496782884865 39576181.61033935 51194524.20267918 149.65591397849462
183.7 573.6555220591679 51194524.20267918 33741756.39628451 190.39444444444445
197.83333333333334 558.9541279194675 33741756.39628451 35698210.94021588 197.11827956989248
213.3494623655914 560.9351838110723 35698210.94021588 57635207.973599575 205.19086021505376
263.0654761904762 578.5925191380799 57635207.973599575 12324729.655674428 281.8095238095238
222.20430107526883 532.7078008369344 12324729.655674428 10577910.502881985 222.84677419354838
219.89166666666668 529.2686516780784 10577910.502881985 56452402.09694027 202.12777777777777
197.86827956989248 577.685859322805 56452402.09694027 53120357.48555896 199.04301075268816
173.76388888888889 575.1317369503533 53120357.48555896 41655722.10147785 178.13333333333333
158.03225806451613 566.3437148373051 41655722.10147785 61299052.89231859 150.6290322580645
147.40322580645162 581.0573993756204 61299052.89231859 55050679.55879118 149.65591397849462
122.29444444444445 576.6113926477708 55050679.55879118 37177876.757019855 129.0888888888889
0.3279569892473118 562.433455617631 37177876.757019855 10900428.027445985 10.083333333333334
22.833333333333332 529.9025654332559 10900428.027445985 11073450.912100334 22.75
35.556451612903224 530.2431608874704 11073450.912100334 17940960.901209258 33.0
88.13978494623656 540.7742423915506 17940960.901209258 59145443.09628277 72.78494623655914
238.93154761904762 579.7400316812368 59145443.09628277 11840563.051303241 258.5
415.59139784946234 531.754139343476 11840563.051303241 12317158.624754328 415.4032258064516
345.0 532.6928882002736 12317158.624754328 37285033.473260455 335.3
234.0 562.5419597710711 37285033.473260455 35427796.4599527 234.6236559139785
232.0 560.6613690163651 35427796.4599527 47788100.62581696 227.17777777777778
232.0 571.0443857502505 47788100.62581696 45686165.01100616 232.71505376344086
232.0 569.4331825986169 45686165.01100616 43554010.38696391 232.71505376344086
232.0 567.7988155771817 43554010.38696391 55788586.45376745 227.17777777777778
169.1048387096774 577.1770226824971 55788586.45376745 44020268.28958793 173.38709677419354
182.36111111111111 568.1562176768886 44020268.28958793 54878240.23185933 178.13333333333333
198.54032258064515 576.4792122017759 54878240.23185933 58728367.59550446 197.11827956989248
280.7795698924731 579.4304621348306 58728367.59550446 58914668.99640946 280.741935483871
442.8392857142857 579.573268318891 58914668.99640946 11797798.517442293 462.3333333333333
384.88440860215053 531.6699061707196 11797798.517442293 11453337.579577673 385.002688172043
273.49444444444447 530.9914225052287 11453337.579577673 59283105.336423956 254.975
234.0 579.8242399664296 59283105.336423956 57426381.398502044 234.6236559139785
232.0 578.4324466631805 57426381.398502044 38004883.19480597 239.4388888888889
232.0 563.2708612098301 38004883.19480597 35903459.981166475 232.71505376344086
232.0 561.1430137466477 35903459.981166475 33770211.105088666 232.71505376344086
174.17777777777778 558.9829404306987 33770211.105088666 55036457.710648425 165.87222222222223
151.26344086021504 576.6004911309078 55036457.710648425 59043846.34168898 149.65591397849462
176.61666666666667 579.672287025443 59043846.34168898 55012460.81519892 178.13333333333333
188.61559139784947 576.5820967170613 55012460.81519892 32279976.468127552 197.11827956989248
203.8951612903226 557.47396690684 32279976.468127552 47088540.69201148 198.3978494623656
282.88690476190476 570.5081499292472 47088540.69201148 10871155.109913882 297.8720238095238
280.55913978494624 529.8450290091411 10871155.109913882 12342566.461018942 280.0
250.03333333333333 532.7429339383706 12342566.461018942 56322367.61325329 233.0
235.0 577.5861835913214 56322367.61325329 57143830.618090264 234.6236559139785
229.41666666666666 578.2158621471333 57143830.618090264 62807118.97730688 227.17777777777778
157.997311827957 581.979886608459 62807118.97730688 53183528.54595888 161.5215053763441
147.88440860215053 575.1801596569725 53183528.54595888 48223074.0605896 149.65591397849462
156.79444444444445 571.3778072708928 48223074.0605896 56211787.38661264 153.61111111111111
146.36290322580646 577.5014201911409 56211787.38661264 47094615.415011115 149.65591397849462
172.48888888888888 570.5128064052941 47094615.415011115 32363388.193087988 178.13333333333333
74.58870967741936 557.5584274886993 32363388.193087988 53809350.333397985 66.59677419354838
76.88172043010752 575.6598727505506 53809350.333397985 54181470.44088537 76.7741935483871
132.9077380952381 575.9451151175124 54181470.44088537 8646154.744308844 151.74404761904762
251.36290322580646 525.4717524284691 8646154.744308844 10829959.718427354 250.53763440860214
298.4138888888889 529.764058756909 10829959.718427354 34114130.20693931 289.3638888888889
235.0 559.3311841274766 34114130.20693931 64138998.477656655 223.72043010752688
232.0 582.8103036925421 64138998.477656655 44718318.49682422 239.4388888888889
208.52956989247312 568.6912962425556 44718318.49682422 43315577.067947514 208.98387096774192
153.55107526881721 567.616048554088 43315577.067947514 53532182.20390723 149.65591397849462
161.13888888888889 575.4474142144179 53532182.20390723 41001634.75176009 165.87222222222223
148.6720430107527 565.8423352556076 41001634.75176009 38068510.511364855 149.65591397849462
173.73611111111111 563.3352886051543 38068510.511364855 58351476.392047 165.87222222222223
106.11559139784946 579.1415625650461 58351476.392047 37116407.76066845 114.05913978494624
112.63978494623656 562.3712136822123 37116407.76066845 40965851.636642486 111.23387096774194
199.04166666666666 565.8149063146608 40965851.636642486 11370874.343561716 211.28869047619048
304.56451612903226 530.8289949191367 11370874.343561716 12467238.20975635 304.14516129032256
304.8305555555556 532.9884995040655 12467238.20975635 64018359.88011725 284.875
234.0 582.7350504087772 64018359.88011725 62161944.44895018 234.6236559139785
233.0 581.5852319767514 62161944.44895018 42862974.750072666 240.39166666666668
170.8279569892473 567.2691139116288 42862974.750072666 35822847.443555236 173.38709677419354
148.86827956989248 561.0613875503901 35822847.443555236 60051226.13336165 139.74193548387098
157.67222222222222 580.2941010922159 60051226.13336165 38535087.75476232 165.87222222222223
148.5 563.8077328026383 38535087.75476232 32533981.128935378 150.6290322580645
172.86111111111111 557.7311655375719 32533981.128935378 40498055.29112939 169.75
83.79301075268818 565.4563249476091 40498055.29112939 54816464.93351352 78.46236559139786
121.3736559139785 576.4318593929237 54816464.93351352 42927034.04391894 125.84408602150538
196.97619047619048 567.3182174785551 42927034.04391894 11920556.53380331 209.80654761904762
358.43279569892474 531.911702263552 11920556.53380331 10114902.230889708 359.0967741935484
313.0 528.3586009365763 10114902.230889708 43241583.46786516 300.15277777777777
235.0 567.5593300129427 43241583.46786516 41507073.96797906 235.5779569892473
247.0 566.2297711277595 41507073.96797906 42555519.21439162 246.54166666666666
233.0 567.0334390771638 42555519.21439162 40576917.21764577 233.66935483870967
167.71505376344086 565.5167752219429 40576917.21764577 56949666.2076608 161.5215053763441
165.44166666666666 578.067028706273 56949666.2076608 55571698.32616677 165.87222222222223
151.24462365591398 577.0107707610397 55571698.32616677 59528357.17057135 149.65591397849462
176.10555555555555 579.9742610351899 59528357.17057135 54172057.49497841 178.13333333333333
203.46505376344086 575.9378997832249 54172057.49497841 39431767.74996225 208.98387096774192
289.76612903225805 564.6389802892996 39431767.74996225 40748622.41044843 289.30645161290323
398.8184523809524 565.6483929298527 40748622.41044843 12479735.157201007 410.51785714285717
425.3790322580645 533.0131147035777 12479735.157201007 11048424.247919107 425.9032258064516
323.0 530.193865942871 11048424.247919107 52123471.956875205 307.0861111111111
234.0 574.3675912294684 52123471.956875205 50266711.98960841 234.6236559139785
234.0 572.9443233186878 50266711.98960841 57902908.85004943 231.0
232.0 578.7977207117112 57902908.85004943 55801104.68597723 232.71505376344086
232.0 577.1866183214154 55801104.68597723 53669103.582353845 232.71505376344086
232.0 575.5523689784576 53669103.582353845 34122397.32768412 239.4388888888889
180.1263440860215 559.339555202751 34122397.32768412 51875180.72305411 173.38709677419354
181.23055555555555 574.1772677887138 51875180.72305411 59802460.70350786 178.13333333333333
198.03494623655914 580.1419307494862 59802460.70350786 62298973.84816392 197.11827956989248
215.81989247311827 581.6690531518024 62298973.84816392 38278307.5330349 224.81989247311827
292.9940476190476 563.5477237098236 38278307.5330349 10303869.130642049 304.57142857142856
416.89247311827955 528.7300186360895 10303869.130642049 9866019.566987276 417.0456989247312
302.9888888888889 527.8694177695957 9866019.566987276 52439472.47380222 286.4972222222222
235.0 574.6098160746079 52439472.47380222 53261035.03424547 234.6236559139785
233.0 575.239570943084 53261035.03424547 33961356.644990504 240.39166666666668
200.96236559139786 559.1764895214001 33961356.644990504 44072109.82701024 197.11827956989248
155.3494623655914 568.1959559295218 44072109.82701024 59105247.95161789 149.65591397849462
163.38888888888889 579.7154442257238 59105247.95161789 52406707.21046713 165.87222222222223
149.76075268817203 574.5847004168411 52406707.21046713 52389422.86334756 149.65591397849462
175.7138888888889 574.5714513932473 52389422.86334756 46017634.67495186 178.13333333333333
212.96505376344086 569.687265056451 46017634.67495186 56722199.82378084 208.98387096774192
297.77150537634407 577.8926682015956 56722199.82378084 37871955.23553642 304.84139784946234
589.0089285714286 563.1362617540508 37871955.23553642 10866080.96993664 600.1875
597.8306451612904 529.8350556995306 10866080.96993664 57071688.28520132 580.5564516129032
323.0 578.1605626635061 57071688.28520132 35604269.37419907 331.2138888888889
937.7795698924731 560.8400609811546 35604269.37419907 42390512.106157325 935.1720430107526
922.5277777777778 566.9069556725555 42390512.106157325 64864734.59017618 913.8
452.76612903225805 583.2630114223052 64864734.59017618 50224306.36651188 458.16129032258067
236.997311827957 572.9118180063944 50224306.36651188 61476136.476877905 232.71505376344086
232.0 581.1657217810689 61476136.476877905 41932084.42955197 239.4388888888889
232.0 566.5555557000073 41932084.42955197 39715091.35914944 232.71505376344086
206.12222222222223 564.8561572041576 39715091.35914944 48600147.65309007 202.65555555555557
208.6478494623656 571.6668466479097 48600147.65309007 47741449.81657802 208.98387096774192
243.6263440860215 571.008626362407 47741449.81657802 35227051.487916246 248.33064516129033
353.0029761904762 560.4580997859113 35227051.487916246 11840048.991391396 362.6845238095238
316.2096774193548 531.7531268012254 11840048.991391396 10185859.974189948 316.81720430107526
265.81111111111113 528.4980696044423 10185859.974189948 52617494.2308319 249.375
235.0 574.7462756378621 52617494.2308319 53439245.533241466 234.6236559139785
232.0 575.3761751832964 53439245.533241466 34017115.20432445 239.4388888888889
194.6290322580645 559.2329492141737 34017115.20432445 58945095.07812813 185.252688172043
157.00537634408602 579.5965909166013 58945095.07812813 46633951.91132364 161.5215053763441
164.80555555555554 570.1596925973573 46633951.91132364 43608141.94660577 165.87222222222223
151.78763440860214 567.8403092075686 43608141.94660577 49019755.29996315 149.65591397849462
181.4138888888889 571.9884897840399 49019755.29996315 57422433.01309465 178.13333333333333
193.56720430107526 578.4294200952079 57422433.01309465 47952414.46651306 197.11827956989248
240.7311827956989 571.1703377423672 47952414.46651306 54013770.75266613 238.5
304.8958333333333 575.8165677613122 54013770.75266613 12238364.173204696 322.17857142857144
338.25 532.5376870078275 12238364.173204696 10786081.542428918 338.78225806451616
350.9638888888889 529.6778154454637 10786081.542428918 39793685.51627389 339.7055555555556
235.0 564.9164022243983 39793685.51627389 40615474.52276399 234.6236559139785
232.0 565.5463306712569 40615474.52276399 52974841.62825321 227.17777777777778
232.0 575.0201942340818 52974841.62825321 50873582.47402903 232.71505376344086
177.33064516129033 573.4095096118559 50873582.47402903 61219218.28575908 173.38709677419354
168.36944444444444 581.0085643769271 61219218.28575908 35648901.34171587 178.13333333333333
153.3494623655914 560.885254171294 35648901.34171587 45244679.605596915 149.65591397849462
180.18333333333334 569.094769437156 45244679.605596915 50457976.271859474 178.13333333333333
195.88440860215053 573.0909337154033 50457976.271859474 47194441.264406756 197.11827956989248
243.86559139784947 570.5893262197105 47194441.264406756 59073439.0743406 239.46236559139786
313.4136904761905 579.6949708335377 59073439.0743406 12899935.53855189 332.51488095238096
358.3817204301075 533.84078212139 12899935.53855189 12491396.707908776 358.5241935483871
324.46666666666664 533.0360844246687 12491396.707908776 58915906.32633728 306.4888888888889
234.0 579.5742167731944 58915906.32633728 57058825.500934534 234.6236559139785
232.0 578.150702914043 57058825.500934534 37637995.74675051 239.4388888888889
231.84677419354838 562.8993603524343 37637995.74675051 35125273.38833563 232.71505376344086
160.48655913978496 560.3550418822988 35125273.38833563 32137180.436241403 161.5215053763441
166.29722222222222 557.3293752928189 32137180.436241403 32976362.173331704 165.87222222222223
153.33333333333334 558.1791092820632 32976362.173331704 42529479.47567823 149.65591397849462
178.68055555555554 567.0134787564066 42529479.47567823 43847434.43386485 178.13333333333333
197.23387096774192 568.0237348115296 43847434.43386485 44198287.06024102 197.11827956989248
241.66935483870967 568.2926749509863 44198287.06024102 47617147.70191927 240.4247311827957
315.5208333333333 570.9133446813308 47617147.70191927 10780443.727658022 330.76190476190476
278.86021505376345 529.6667342233278 10780443.727658022 10854877.849092796 278.8225806451613
241.75833333333333 529.8130357723549 10854877.849092796 41846338.630535714 229.73611111111111
236.0 566.4898287097793 41846338.630535714 42790375.78881399 235.5779569892473
231.4388888888889 567.2134644072572 42790375.78881399 53695110.944706514 227.17777777777778
161.16935483870967 575.5723044816639 53695110.944706514 52566666.61452925 161.5215053763441
149.70698924731184 574.7073145892934 52566666.61452925 52487732.00906443 149.65591397849462
158.3527777777778 574.6468086041426 52487732.00906443 32733880.742232572 165.87222222222223
149.5483870967742 557.9335787793619 32733880.742232572 32147983.157975297 149.65591397849462
175.22222222222223 557.3403138528804 32147983.157975297 56283123.68080009 165.87222222222223
197.18817204301075 577.556101819451 56283123.68080009 56511615.88386177 197.11827956989248
