233.0 582.0 62840000.0 57021248.57330205 235.20430107526883
259.0 578.1218989564891 57021248.57330205 53664486.71716582 260.41964285714283
253.0 575.5488299986291 53664486.71716582 35263820.31127605 259.8467741935484
230.0 560.4953309571491 35263820.31127605 61123186.94325943 219.95555555555555
304.9247311827957 580.949821800398 61123186.94325943 34958202.601943076 314.6236559139785
668.3944444444444 560.1858702719874 34958202.601943076 55491486.320207715 660.4166666666666
518.513440860215 576.9492856061713 55491486.320207715 37235418.53750214 525.258064516129
245.09408602150538 562.4917209545853 37235418.53750214 53254371.9971121 239.03225806451613
228.0 575.2344635048004 53254371.9971121 53912596.449670404 227.64444444444445
0672236.74816637 56231994.95727165 246.94444444444446
230.05376344086022 577.5169099622373 56231994.95727165 64031915.24939174 227.02956989247312
252.0638888888889 582.7435061275219 64031915.24939174 45196541.44440999 259.2916666666667
270.3467741935484 569.0578699448633 45196541.44440999 33243021.401406877 274.8252688172043
274.86559139784947 558.4491216043366 33243021.401406877 33436828.318527535 274.8252688172043
396.8125 558.6453655376222 33436828.318527535 65368443.28106442 383.6458333333333
370.01612903225805 583.5772204219405 65368443.28106442 64232160.60971492 370.4166666666667
276.525 582.8684174016113 64232160.60971492 44716407.117753506 283.9861111111111
472.0430107526882 568.689831107296 44716407.117753506 60689532.599225335 466.008064516129
440.8361111111111 580.6845545154836 60689532.599225335 51050127.85568877 444.5
245.38172043010752 573.5448374845711 51050127.85568877 36009572.723870635 250.92741935483872
226.5268817204301 561.2504607991543 36009572.723870635 34445480.42935678 227.02956989247312
231.1888888888889 559.666700898025 34445480.42935678 57351018.96235813 222.25
225.82258064516128 578.3746788639319 57351018.96235813 53817740.401155 227.02956989247312
239.20555555555555 575.6663040149134 53817740.401155 33657171.73201338 246.94444444444446
235.22043010752688 558.8684796492261 33657171.73201338 55636945.797705665 227.02956989247312
250.88978494623655 577.0607851054558 55636945.797705665 55621675.97486279 250.92741935483872
364.0982142857143 577.0490802813327 55621675.97486279 40414767.13656869 370.4166666666667
392.8709677419355 565.3924818231212 40414767.13656869 36485174.144943 394.31451612903226
303.8027777777778 561.7320426484201 36485174.144943 55668704.8442344 296.3333333333333
401.5241935483871 577.0851294647689 55668704.8442344 42785964.04791697 406.26344086021504
696.0444444444445 567.2100826619804 42785964.04791697 54563346.31340943 691.4444444444445
356.10752688172045 576.2378356009601 54563346.31340943 48052998.905982375 358.46774193548384
224.9811827956989 571.2474390411588 48052998.905982375 42348915.19182789 227.02956989247312
231.4388888888889 566.8750702622729 42348915.19182789 33897643.56350197 234.59722222222223
218.85752688172042 559.111975282699 33897643.56350197 43714439.99336388 215.08064516129033
231.68333333333334 567.9217901752739 43714439.99336388 36060505.95912263 234.59722222222223
262.6989247311828 561.3020344920302 36060505.95912263 35626845.994414635 262.8763440860215
252.6478494623656 560.8629214900426 35626845.994414635 40320437.904941216 250.92741935483872
421.42559523809524 565.3201753479759 40320437.904941216 35784330.887748465 423.3333333333333
271.76344086021504 561.022386669924 35784330.887748465 59525225.50215222 262.8763440860215
249.19722222222222 579.9723453869549 59525225.50215222 33183687.47045909 259.2916666666667
409.3198924731183 558.3890415816032 33183687.47045909 41180825.89520943 406.26344086021504
523.4722222222222 565.9796911922197 41180825.89520943 53708980.39756894 518.5833333333334
381.8010752688172 575.5829358758921 53708980.39756894 52007830.21854143 382.36559139784947
227.91397849462365 574.2789480132107 52007830.21854143 54158821.232474424 227.02956989247312
232.1 575.9277537503436 54158821.232474424 47421969.799411684 234.59722222222223
218.2983870967742 570.7637343652805 47421969.799411684 55739927.73468119 215.08064516129033
223.3111111111111 577.1397241653618 55739927.73468119 58389248.786824934 222.25
235.74462365591398 579.1705163546303 58389248.786824934 49769095.99821052 238.9784946236559
274.3360215053763 572.5628842070452 49769095.99821052 48544680.88178876 274.8252688172043
388.0952380952381 571.6243295336357 48544680.88178876 59387525.19779195 383.6458333333333
310.08870967741933 579.8881138177983 59387525.19779195 57762662.1649904 310.6720430107527
298.9194444444444 578.6902169901981 57762662.1649904 64288507.14077049 296.3333333333333
364.7795698924731 582.9035658663413 64288507.14077049 49001445.20695128 370.4166666666667
247.40277777777777 571.9744544923024 49001445.20695128 50049298.037558496 246.94444444444446
231.99193548387098 572.7776683354031 50049298.037558496 63153837.13695921 227.02956989247312
217.84139784946237 582.1957688136738 63153837.13695921 38327144.56017678 227.02956989247312
225.44444444444446 563.5971748359169 38327144.56017678 46343349.770068415 222.25
213.11290322580646 569.9369364469964 46343349.770068415 40772869.92407443 215.08064516129033
215.31666666666666 565.6669794508185 40772869.92407443 54704775.91317703 209.90277777777777
224.09677419354838 576.3462460657119 54704775.91317703 46891041.02215935 227.02956989247312
281.78494623655916 570.3567599017554 46891041.02215935 33613854.996422075 286.7741935483871
396.7529761904762 558.8246182293354 33613854.996422075 65401573.88233746 383.6458333333333
322.8440860215054 583.5978869962356 65401573.88233746 33932440.499028966 334.5698924731183
227.2861111111111 559.1472097706912 33932440.499028966 46810427.59608764 222.25
372.21774193548384 570.2949670450972 46810427.59608764 51445877.83224437 370.4166666666667
212.0888888888889 573.848192927522 51445877.83224437 56972265.176709 209.90277777777777
222.94892473118279 578.084351563309 56972265.176709 45856450.49329009 227.02956989247312
213.02956989247312 569.5637120514698 45856450.49329009 40145423.29990157 215.08064516129033
221.76944444444445 565.1860208661569 40145423.29990157 38635697.049932614 222.25
203.03494623655914 563.909607204763 38635697.049932614 38076435.40792145 203.13172043010752
206.74722222222223 563.3433131529582 38076435.40792145 61800203.808280535 197.55555555555554
211.8521505376344 581.3639544571929 61800203.808280535 53194299.23371538 215.08064516129033
217.56720430107526 575.1884157452828 53194299.23371538 59939867.30549689 215.08064516129033
277.11011904761904 580.2259826602774 59939867.30549689 58318591.02976692 277.8125
179.36827956989248 579.1163548474666 58318591.02976692 58616735.95044632 179.23387096774192
172.88611111111112 579.3448927876668 58616735.95044632 58506347.98486084 172.86111111111111
147.93010752688173 579.2602767619425 58506347.98486084 38485140.6218927 155.33602150537635
160.68333333333334 563.7571576118437 38485140.6218927 38785164.1826912 160.51388888888889
179.9247311827957 564.0609538051076 38785164.1826912 40449820.93429097 179.23387096774192
143.9516129032258 565.4193517181689 40449820.93429097 41746169.01826728 143.38709677419354
166.99444444444444 566.413045389754 41746169.01826728 58280922.50176914 160.51388888888889
80.73387096774194 579.0874806752038 58280922.50176914 50195388.370489635 83.64247311827957
41.78333333333333 572.889651406237 50195388.370489635 62385032.54946851 37.041666666666664
50.55913978494624 581.721695442494 62385032.54946851 37823104.73053911 59.744623655913976
98.15322580645162 563.0867969806253 37823104.73053911 44768956.08297147 95.59139784946237
241.95238095238096 568.7301116267266 44768956.08297147 54105949.59258651 238.125
381.8306451612903 575.8872258901089 54105949.59258651 52610045.04150954 382.36559139784947
381.69444444444446 574.7405655879306 52610045.04150954 49659422.992876895 382.7638888888889
456.11021505376345 572.4788162219947 49659422.992876895 54962945.78595897 454.05913978494624
271.77777777777777 576.5441418098784 54962945.78595897 55182412.36366492 271.6388888888889
527.8870967741935 576.7123701986009 55182412.36366492 60707419.483494416 525.752688172043
230.05107526881721 580.6954959606481 60707419.483494416 36578845.91558944 238.9784946236559
231.9111111111111 561.8268922904381 36578845.91558944 61356202.12903996 222.25
218.41129032258064 581.092357685317 61356202.12903996 37972710.065568574 227.02956989247312
225.375 563.2382835210589 37972710.065568574 45971857.220581025 222.25
237.54569892473117 569.6521751239925 45971857.220581025 42175691.86468757 238.9784946236559
329.7043010752688 566.7422888541944 42175691.86468757 61233998.17074868 322.6209677419355
449.4761904761905 581.0176052640218 61233998.17074868 60550140.99338277 449.7916666666667
394.9139784946237 580.5992883736118 60550140.99338277 62092633.6870938 394.31451612903226
291.5888888888889 581.5428344362542 62092633.6870938 49617888.28547003 296.3333333333333
415.16129032258067 572.4469784953753 49617888.28547003 41256051.50569246 418.2123655913978
356.27777777777777 566.0373541100748 41256051.50569246 36470513.34869977 358.06944444444446
228.99462365591398 561.7171975006689 36470513.34869977 41547377.00446635 227.02956989247312
216.29301075268816 566.2606647378925 41547377.00446635 44577261.18604786 215.08064516129033
223.175 568.5831711496259 44577261.18604786 46710347.90392366 222.25
210.16666666666666 570.2182526518052 46710347.90392366 33248117.404580954 215.08064516129033
214.63888888888889 558.4542816869682 33248117.404580954 45423533.83029596 209.90277777777777
217.63172043010752 569.2318671144052 45423533.83029596 52297744.8275496 215.08064516129033
217.80107526881721 574.5011771473702 52297744.8275496 59669541.95912597 215.08064516129033
289.3363095238095 580.0606240707419 59669541.95912597 55622050.352488965 291.0416666666667
243.68548387096774 577.0493672541623 55622050.352488965 36162898.19165724 250.92741935483872
192.8138888888889 561.4057142509832 36162898.19165724 55701283.27578034 185.20833333333334
334.39784946236557 577.1101019097915 55701283.27578034 55052306.379401885 334.5698924731183
117.00555555555556 576.6126396595615 55052306.379401885 38151798.810335375 123.47222222222223
183.76612903225808 563.4196242090094 38151798.810335375 50105410.68811024 179.23387096774192
175.23655913978496 572.8206805374792 50105410.68811024 39182149.817384906 179.23387096774192
162.76944444444445 564.4476398900796 39182149.817384906 44766138.64943257 160.51388888888889
169.28225806451613 568.7279519707574 44766138.64943257 49816933.287833154 167.28494623655914
163.57777777777778 572.599553071335 49816933.287833154 57657914.30778618 160.51388888888889
187.11290322580646 578.6099242940445 57657914.30778618 46798352.7068314 191.18279569892474
123.00268817204301 570.2857112432124 46798352.7068314 56293613.41594946 119.48924731182795
136.02083333333334 577.5641425482979 56293613.41594946 33388598.4100944 145.52083333333334
236.3548387096774 558.5965291644238 33388598.4100944 58303273.24899407 227.02956989247312
203.34722222222223 579.1046132620045 58303273.24899407 41135633.80386932 209.90277777777777
377.26075268817203 565.9450499598797 41135633.80386932 59278005.24598308 370.4166666666667
193.43333333333334 579.8211202302556 59278005.24598308 48453885.874947324 197.55555555555554
174.63978494623655 571.554732158652 48453885.874947324 35963251.90002809 179.23387096774192
194.34677419354838 561.2035575162429 35963251.90002809 44221230.875308484 191.18279569892474
184.67777777777778 568.3102621438987 44221230.875308484 42582635.48029919 185.20833333333334
159.68548387096774 567.0542245916121 42582635.48029919 53933539.70152828 155.33602150537635
173.76111111111112 575.7550680076845 53933539.70152828 56165806.203249365 172.86111111111111
185.04301075268816 577.4661740936731 56165806.203249365 39762550.0182397 191.18279569892474
265.6263440860215 564.8925358356246 39762550.0182397 47213797.679828145 262.8763440860215
238.99404761904762 570.6041635521728 47213797.679828145 49394104.21713735 238.125
196.56182795698925 572.2754406073248 49394104.21713735 63739146.83129981 191.18279569892474
169.37777777777777 582.5608797932189 63739146.83129981 54535464.57026848 172.86111111111111
346.51344086021504 576.2164633229012 54535464.57026848 54332776.25842157 346.51881720430106
203.23333333333332 576.061096029752 54332776.25842157 36905936.85251716 209.90277777777777
198.0 562.1580962173073 36905936.85251716 54979230.72106173 191.18279569892474
186.8521505376344 576.5566247511144 54979230.72106173 43163195.005902 191.18279569892474
174.99722222222223 567.4992426648447 43163195.005902 48437100.15401034 172.86111111111111
182.4005376344086 571.5418653485149 48437100.15401034 56619424.01347564 179.23387096774192
172.94722222222222 577.8138871445981 56619424.01347564 56742166.80049811 172.86111111111111
199.63978494623655 577.9079735494801 56742166.80049811 47430691.34872303 203.13172043010752
278.3467741935484 570.7704197212155 47430691.34872303 56948879.756267086 274.8252688172043
277.5238095238095 578.0664258652749 56948879.756267086 56328960.58853359 277.8125
300.0241935483871 577.591237324878 56328960.58853359 59751210.30084447 298.7231182795699
325.5527777777778 580.1105807691335 59751210.30084447 39298364.87966043 333.375
406.61290322580646 564.5367225780964 39298364.87966043 40045076.60947324 406.26344086021504
247.59722222222223 565.1091018098667 40045076.60947324 41596758.2915718 246.94444444444446
232.7715053763441 566.298517127307 41596758.2915718 56789344.62424702 227.02956989247312
219.11290322580646 577.9441369113717 56789344.62424702 35367551.88118405 227.02956989247312
224.06944444444446 560.6003668949118 35367551.88118405 39819846.39497866 222.25
212.13440860215053 564.9364554029646 39819846.39497866 63632872.69685142 203.13172043010752
213.13611111111112 582.4945869337225 63632872.69685142 39908862.62574507 222.25
235.47043010752688 565.0046892872695 39908862.62574507 62558409.574169256 227.02956989247312
328.11021505376345 581.8277505373908 62558409.574169256 45343016.983403265 334.5698924731183
404.0059523809524 569.1701482888813 45343016.983403265 62674544.460856095 396.875
428.4059139784946 581.8987904946725 62674544.460856095 57909662.741258316 430.16129032258067
378.68333333333334 578.802897792648 57909662.741258316 47154282.31864365 382.7638888888889
438.05645161290323 570.5585430598821 47154282.31864365 36106267.54503008 442.11021505376345
294.6972222222222 561.3483715048948 36106267.54503008 63728750.710051864 283.9861111111111
479.48924731182797 582.5543947852838 63728750.710051864 35637775.02835098 489.9059139784946
232.00806451612902 560.8739879506136 35637775.02835098 48755049.2574468 227.02956989247312
234.8388888888889 571.7855838496461 48755049.2574468 49116764.93025261 234.59722222222223
218.75806451612902 572.0628508733901 49116764.93025261 58665293.93206941 215.08064516129033
224.24444444444444 579.3821140862055 58665293.93206941 63733758.85933399 222.25
237.03494623655914 582.557518824246 63733758.85933399 58569476.42294048 238.9784946236559
248.06451612903226 579.3086667971438 58569476.42294048 50987020.24833323 250.92741935483872
321.57440476190476 573.4964634168085 50987020.24833323 60922326.130154334 317.5
436.9032258064516 580.8269548136583 60922326.130154334 46912609.786897264 442.11021505376345
290.4166666666667 570.3732930731227 46912609.786897264 63403169.53372983 283.9861111111111
368.2016129032258 582.3513001443479 63403169.53372983 57281732.28776654 370.4166666666667
235.40833333333333 578.3215683368151 57281732.28776654 59244018.02596378 234.59722222222223
229.002688172043 579.8003301754566 59244018.02596378 64341874.75763514 227.02956989247312
215.5268817204301 582.9368561109039 64341874.75763514 33315744.929930016 227.02956989247312
223.0638888888889 558.5227595915242 33315744.929930016 35161233.6839444 222.25
208.66129032258064 560.3914543589907 35161233.6839444 49672287.94928453 203.13172043010752
205.76388888888889 572.4886776364756 49672287.94928453 38843484.26752509 209.90277777777777
232.98655913978496 564.1200072331658 38843484.26752509 54840089.78605061 227.02956989247312
342.9489247311828 576.4499686235758 54840089.78605061 45364954.60285955 346.51881720430106
553.8482142857143 569.1869641995867 45364954.60285955 41146632.07032183 555.625
563.9301075268817 565.9534804947857 41146632.07032183 47325030.14358757 561.5994623655914
426.7583333333333 570.6894269136718 47325030.14358757 65167254.968161605 419.80555555555554
1431.4489247311828 583.4517209424218 65167254.968161605 58474445.463654324 1433.8709677419354
1078.3444444444444 579.2358224245447 58474445.463654324 69044941.68937348 1074.2083333333333
638.9650537634409 585.8705874174525 69044941.68937348 52039477.67372955 645.241935483871
287.5 574.3032068340713 52039477.67372955 53764608.21240394 286.7741935483871
240.22222222222223 575.6255764353598 53764608.21240394 36076336.841115266 246.94444444444446
221.63172043010752 561.3180644387203 36076336.841115266 53323378.850523315 215.08064516129033
234.17777777777778 575.2873595397298 53323378.850523315 52135128.522327684 234.59722222222223
247.6478494623656 574.3765263723253 52135128.522327684 43392675.94896661 250.92741935483872
277.8333333333333 567.675147395751 43392675.94896661 51534911.12046385 274.8252688172043
381.5892857142857 573.9164398869287 51534911.12046385 46638643.99061967 383.6458333333333
340.2096774193548 570.1632892312866 46638643.99061967 61681331.447340295 334.5698924731183
282.0777777777778 581.2912399810858 61681331.447340295 56558158.00556107 283.9861111111111
354.0725806451613 577.7669247237017 56558158.00556107 44597290.6256891 358.46774193548384
242.94444444444446 568.598524377407 44597290.6256891 34088862.63728644 246.94444444444446
232.8494623655914 559.3055988319313 34088862.63728644 49490710.5879572 227.02956989247312
218.15591397849462 572.3494925849571 49490710.5879572 57509867.67503214 215.08064516129033
225.50833333333333 578.496441654709 57509867.67503214 33686519.305232376 234.59722222222223
213.68010752688173 558.8981962521545 33686519.305232376 61639672.84713113 203.13172043010752
222.43333333333334 581.2657573267026 61639672.84713113 62014193.322210066 222.25
226.5779569892473 581.4948522981604 62014193.322210066 60845990.028532706 227.02956989247312
271.06182795698925 580.7802598578791 60845990.028532706 50851671.90947329 274.8252688172043
327.95535714285717 573.3927144396263 50851671.90947329 44219803.46218194 330.7291666666667
342.2903225806452 568.3091679845382 44219803.46218194 64835069.073604524 334.5698924731183
319.14166666666665 583.2445063370163 64835069.073604524 59769022.19285906 321.02777777777777
418.89516129032256 580.1214763413766 59769022.19285906 61407994.4108516 418.2123655913978
250.5888888888889 581.1240391342975 61407994.4108516 38710446.24244875 259.2916666666667
236.91129032258064 563.9852963275623 38710446.24244875 32986876.287274465 238.9784946236559
222.5 558.1897556052481 32986876.287274465 52642097.23227341 215.08064516129033
225.98611111111111 574.7651346519931 52642097.23227341 62061366.95223122 222.25
210.25537634408602 581.5237085080138 62061366.95223122 48838241.73031377 215.08064516129033
219.19444444444446 571.8493536309519 48838241.73031377 40817221.759627275 222.25
231.88440860215053 565.7009765993134 40817221.759627275 53861912.24021129 227.02956989247312
270.34139784946234 575.7001631901419 53861912.24021129 41938158.83254474 274.8252688172043
328.7291666666667 566.5602119307582 41938158.83254474 37178220.29087764 330.7291666666667
358.4166666666667 562.4338034712395 37178220.29087764 36978604.7239201 358.46774193548384
287.73055555555555 562.2316778475167 36978604.7239201 46507367.04959277 283.9861111111111
397.58870967741933 570.0626611151688 46507367.04959277 55087731.19749045 394.31451612903226
240.91666666666666 576.6397939539881 55087731.19749045 39323561.06880288 246.94444444444446
235.20698924731184 564.5560362902146 39323561.06880288 61039255.572271205 227.02956989247312
220.66397849462365 580.8984808021871 61039255.572271205 43772512.49618375 227.02956989247312
224.94166666666666 567.9663046689184 43772512.49618375 50485214.07475576 222.25
214.2231182795699 573.1118123919721 50485214.07475576 47888220.59257376 215.08064516129033
217.70277777777778 571.1211310153496 47888220.59257376 36000720.05131552 222.25
233.23387096774192 561.2414968090753 36000720.05131552 52659713.04176716 227.02956989247312
272.008064516129 574.7786377524568 52659713.04176716 45199760.133268096 274.8252688172043
337.4702380952381 569.0603371763027 45199760.133268096 61586315.30656026 330.7291666666667
295.86290322580646 581.2331184056087 61586315.30656026 53863146.3098719 298.7231182795699
245.98611111111111 575.7011091453427 53863146.3098719 51202490.44006058 246.94444444444446
334.98387096774195 573.6616284435335 51202490.44006058 52122946.24575184 334.5698924731183
227.34166666666667 574.3671882545092 52122946.24575184 33176145.790674586 234.59722222222223
219.08870967741936 558.3814050693131 33176145.790674586 43725665.776089706 215.08064516129033
206.99193548387098 567.9303951089264 43725665.776089706 53847554.47803535 203.13172043010752
211.8111111111111 575.6891574906784 53847554.47803535 58531844.68463815 209.90277777777777
65.46236559139786 579.279820825399 58531844.68463815 41546858.43658557 71.69354838709677
41.452777777777776 566.2602672384648 41546858.43658557 52881185.619338684 37.041666666666664
58.225806451612904 574.9484038064069 52881185.619338684 48853935.2730735 59.744623655913976
