150.79706129032255 976.4455239431677 673917419.4 460944070.2201832 233.0
251.72363571428556 976.0758881404404 460944070.2201832 451880253.63679737 259.0
432.585732258064 976.0577605072735 451880253.63679737 770307890.9773191 253.0
418.71062666666666 976.5806682776018 770307890.9773191 884802901.2430532 230.0
655.4665989247309 976.715157193742 884802901.2430532 1305519756.3168511 304.9247311827957
867.2414244444444 977.0764965544793 1305519756.3168511 1378424987.0136878 668.3944444444444
709.9730989247312 977.1202309460191 1378424987.0136878 1321528893.7706525 518.513440860215
397.1705075268817 977.0861001162392 1321528893.7706525 1113319819.5381236 245.09408602150538
229.86189777777778 976.9385169387244 1113319819.5381236 589634880.9779717 228.0
215.7454935483871 976.3146504363012 589634880.9779717 268566736.7052006 228.0
235.80637000000002 975.5204659437692 268566736.7052006 219878882.3169148 228.0
252.04278064516132 975.2926869342159 219878882.3169148 267037010.32292658 228.0
258.2914709677419 975.5148419497167 267037010.32292658 286978421.3570746 252.0
382.57394285714304 975.5881559608716 286978421.3570746 559799065.844175 273.0
370.094535483871 976.268321530814 559799065.844175 724914504.1629347 245.0
310.60642 976.5209401370565 724914504.1629347 628948965.1208311 230.0
530.3279860215055 976.3756971508088 628948965.1208311 1048284777.8375939 228.0
437.78070444444444 976.8766965568799 1048284777.8375939 1204490760.7835999 228.0
244.54662580645157 977.0158912782146 1204490760.7835999 800034634.3167207 228.0
211.26318064516133 976.6173476549808 800034634.3167207 433193583.8594913 228.0
216.88968666666668 976.0203871677189 433193583.8594913 218819002.11248806 228.0
205.5298870967742 975.28759135631 218819002.11248806 72310284.28314993 228.0
206.91654 974.0435563721468 72310284.28314993 2774727.6523481873 228.0
224.8570258064516 972.4109891060939 2774727.6523481873 1437728.369549541 224.70967741935485
251.7613709677419 972.3575091347819 1437728.369549541 1619784.313364268 251.79301075268816
368.659910714286 972.3647913725346 1619784.313364268 53019876.91640578 347.7142857142857
463.095609677419 973.7503105768188 53019876.91640578 418532932.84983283 305.0
391.86063333333334 975.9878612305702 418532932.84983283 594832245.0185763 234.0
400.558722580645 976.322720877358 594832245.0185763 745006684.4495193 228.0
625.7923033333333 976.5473772163809 745006684.4495193 1305255594.12087 267.84722222222223
353.0457838709678 977.0763380888548 1305255594.12087 1083964411.9497793 239.752688172043
210.4863774193548 976.9106125588876 1083964411.9497793 600286449.6150374 228.0
216.11183666666668 976.3311901391538 600286449.6150374 297640258.31208354 228.0
204.5339548387097 975.6273538908533 297640258.31208354 113289877.71324271 228.0
212.39037 974.5212025714188 113289877.71324271 48061349.94799711 228.0
223.4237129032258 973.6550259605384 48061349.94799711 34602182.176809035 227.0
255.3938096774193 973.3773223222003 34602182.176809035 1640019.6685877373 267.85483870967744
429.559328571429 972.3656007867435 1640019.6685877373 232909651.7196669 334.76190476190476
369.486719354839 975.3553348640369 232909651.7196669 423357448.0423783 268.0
352.29150333333337 976.0007148960848 423357448.0423783 522139460.6835324 231.0
407.51344516129 976.1982789213671 522139460.6835324 713769881.4157112 228.0
417.44704333333334 976.5062761597576 713769881.4157112 915307084.4088694 229.0
379.24007526881724 976.7502919053317 915307084.4088694 903149322.4667772 229.0
212.44720322580642 976.7363261413078 903149322.4667772 494148280.3548595 229.0
215.73748666666668 976.1422965607097 494148280.3548595 244101849.49212414 229.0
203.9702451612903 975.4091435071737 244101849.49212414 81259546.22397475 229.0
207.99036 974.1613098187365 81259546.22397475 10096339.232473753 229.0
219.4200483870968 972.7123474680197 10096339.232473753 1406475.0172970006 221.98387096774192
257.8438322580645 972.3562590006918 1406475.0172970006 1658672.0330179306 257.8494623655914
371.618157142857 972.3663468813207 1658672.0330179306 169467390.90812793 302.86607142857144
309.008006451613 974.9958389914698 169467390.90812793 251255276.56490952 261.0
297.76416 975.4435349834852 251255276.56490952 300299001.1270992 236.0
363.6986193548387 975.6371286806144 300299001.1270992 482112847.87641597 229.0
230.9712 976.1182256957528 482112847.87641597 346400487.3234505 229.0
215.5747290322581 975.7918491503355 346400487.3234505 201466177.67100245 229.0
202.56345161290318 975.1918669370183 201466177.67100245 70540880.21712361 229.0
210.07882666666669 974.0202747396991 70540880.21712361 1315260.7775746053 226.5638888888889
198.77965483870966 972.3526104311029 1315260.7775746053 1240928.5696276492 193.1451612903226
202.98207 972.3496371427851 1240928.5696276492 1286025.6424669605 200.31666666666666
211.7609516129032 972.3514410256986 1286025.6424669605 1356901.0134105391 211.09408602150538
275.0179709677419 972.3542760405364 1356901.0134105391 37014919.0061443 261.86290322580646
389.13582142857103 973.4321572501397 37014919.0061443 233050384.5222252 309.0
363.78264516129 975.3560114640492 233050384.5222252 392051816.3331263 276.0
315.30836999999997 975.9159016748183 392051816.3331263 419387574.6806948 235.0
370.3340258064516 975.9901836268497 419387574.6806948 569216450.3343924 228.0
230.52103 976.2829447986559 569216450.3343924 406049587.1393825 228.0
216.5846612903226 975.9539390954875 406049587.1393825 241448852.88731846 228.0
204.4981419354839 975.3963887158044 241448852.88731846 103403488.46150962 228.0
212.6360666666667 974.4174292224078 103403488.46150962 23797006.645656787 228.0
201.669835483871 973.1054724068238 23797006.645656787 1260760.2742307254 203.81989247311827
210.4077 972.3504304109692 1260760.2742307254 1335357.9170032914 207.725
218.5062677419355 972.3534143166801 1335357.9170032914 1397366.5098398882 217.84139784946237
229.0621838709677 972.3558946603936 1397366.5098398882 1468920.8340629693 229.13440860215053
272.7828678571429 972.3587568333625 1468920.8340629693 1752529.9661561993 272.83035714285717
239.1590516129032 972.3701011986462 1752529.9661561993 1521371.3447347714 237.18279569892474
235.00562000000002 972.3608548537893 1521371.3447347714 1485765.2182897867 231.35555555555555
222.3960193548387 972.3594306087316 1485765.2182897867 1403678.7463185976 218.82258064516128
209.50169 972.3561471498527 1403678.7463185976 1328212.365702908 206.70555555555555
202.5318612903226 972.3531284946281 1328212.365702908 1278679.2835846895 198.96774193548387
153.68459677419355 972.3511471713433 1278679.2835846895 960781.2126706804 149.71236559139786
45.99012888888889 972.3384312485068 960781.2126706804 263512.32553940616 41.330555555555556
41.25610322580645 972.3105404930216 263512.32553940616 233486.0459951201 35.873655913978496
44.20734 972.3093394418397 233486.0459951201 268778.9259699145 41.672222222222224
50.190435483871 972.3107511570388 268778.9259699145 320320.01250496396 49.56182795698925
98.17113548387094 972.3128128005002 320320.01250496396 630128.3983581399 98.15053763440861
241.17091071428527 972.3252051359343 630128.3983581399 1553547.0706375109 240.95238095238096
425.1160483870972 972.3621418828254 1553547.0706375109 289115229.32038456 304.8306451612903
443.92188999999996 975.5960118725014 289115229.32038456 613009543.5778968 239.0
454.147577419355 976.350946496239 613009543.5778968 872043883.238208 228.0
257.20038 976.7004352498902 872043883.238208 677630304.0531794 228.0
432.1581548387097 976.451289292008 677630304.0531794 865683781.2905502 228.0
220.51228387096776 976.6930966707198 865683781.2905502 490796363.4541202 228.0
215.5615011111111 976.1355927269083 490796363.4541202 244017084.91306803 228.0
203.0858451612903 975.408735985159 244017084.91306803 81453020.09267499 228.0
209.06024 974.1638555275352 81453020.09267499 15091616.27633297 228.0
219.2187677419355 972.8636560076759 15091616.27633297 1402305.9572534326 223.59139784946237
313.3393967741938 972.3560922382901 1402305.9572534326 110584404.9492539 272.85215053763443
433.12065 974.4954826624919 110584404.9492539 378607171.54480773 324.0
400.943296774194 975.8793673139804 378607171.54480773 623174289.7925289 260.0
289.2609933333333 976.366730263653 623174289.7925289 516713440.6870166 231.0
515.6649301075269 976.187426881374 516713440.6870166 943965668.8408681 228.0
354.08258 976.7775339057423 943965668.8408681 943755975.6392171 228.0
212.41638064516127 976.7773345776038 943755975.6392171 561580413.2049032 228.0
201.0162258064516 976.2710875981443 561580413.2049032 278743010.3879935 228.0
208.83729666666667 975.5578787146618 278743010.3879935 123513324.43480437 228.0
197.8282 974.615864115137 123513324.43480437 1236737.0103713505 227.3709677419355
203.30777 972.3494694804148 1236737.0103713505 1290193.2490132567 200.63888888888889
209.2812193548387 972.3516077299605 1290193.2490132567 1337391.6731617502 208.6236559139785
219.6060580645161 972.3534956669264 1337391.6731617502 1410515.4376845227 219.67741935483872
292.6832071428571 972.3564206175073 1410515.4376845227 1880158.6260081325 292.6547619047619
296.6417677419355 972.3752063450403 1880158.6260081325 1889872.2894672728 294.5403225806452
266.04239333333334 972.3755948915787 1889872.2894672728 31422197.29690372 249.0
333.4672741935484 973.3050499385661 31422197.29690372 252390837.07662413 229.0
210.21332999999998 975.4489944090222 252390837.07662413 150467162.62064508 227.0
202.4956870967742 974.8473997079738 150467162.62064508 45188013.27826333 227.0
193.7247451612903 973.5997694861205 45188013.27826333 1218520.9163304258 204.78494623655914
203.15768666666668 972.3487408366532 1218520.9163304258 1273056.9014443352 197.9638888888889
193.91966774193548 972.3509222760578 1273056.9014443352 1207068.8411481457 188.29032258064515
160.48429777777778 972.3482827536459 1207068.8411481457 1014271.7921574028 157.94444444444446
51.8049870967742 972.3405708716863 1014271.7921574028 327681.27010649565 51.45161290322581
86.79251290322584 972.3131072508043 327681.27010649565 558494.783178966 86.8010752688172
135.8988357142857 972.3223397913271 558494.783178966 876176.5557709681 135.92559523809524
247.0486430107525 972.3350470622308 876176.5557709681 1575244.9581718866 244.72043010752688
313.80836 972.3630097983269 1575244.9581718866 148800430.55676606 244.0
376.4524967741935 974.8343783637247 148800430.55676606 421392433.04728967 228.0
228.78958 975.9956316115415 421392433.04728967 306438391.985947 227.0
214.1517419354839 975.6596999705366 306438391.985947 177875896.38280192 227.0
200.3807 975.0480237584318 177875896.38280192 54126785.73770824 227.0
207.5064966666667 973.7676060271517 54126785.73770824 1301400.0154235673 219.6611111111111
196.2299387096774 972.3520560006169 1301400.0154235673 1227657.9023478823 190.5994623655914
200.42457 972.3491063160939 1227657.9023478823 1272979.2979414123 197.76111111111112
93.81904301075265 972.3509191719177 1272979.2979414123 602403.2184762547 93.45161290322581
121.55968387096775 972.324096128739 602403.2184762547 781157.6735245734 121.58870967741936
202.11109642857127 972.3312463069409 781157.6735245734 1296102.5392787529 202.0595238095238
300.4474752688176 972.3518441015711 1296102.5392787529 1917091.2114489174 298.11559139784947
314.30759 972.376683648458 1917091.2114489174 145718981.72871217 246.0
346.6809193548387 974.8103045447556 145718981.72871217 357792375.7884721 228.0
214.69986 975.8228053689904 357792375.7884721 233967526.13363263 227.0
205.5699129032258 975.3604207987194 233967526.13363263 111447446.95361839 227.0
194.7032967741935 974.5041430273483 111447446.95361839 1226697.4854828038 224.91397849462365
204.03886666666668 972.3490678994193 1226697.4854828038 1279173.2092810927 198.84444444444443
195.0625129032258 972.3511669283712 1279173.2092810927 1216082.0348448607 189.43010752688173
199.54877 972.3486432813937 1216082.0348448607 1268335.259551136 196.88333333333333
83.37107204301071 972.350733410382 1268335.259551136 533647.9780413624 83.02956989247312
131.37043870967744 972.3213459191217 533647.9780413624 847098.6486606977 131.3494623655914
200.01362500000027 972.3338839459464 847098.6486606977 1284397.2349574822 199.99404761904762
371.24463010752714 972.3513758893982 1284397.2349574822 193230774.90948895 290.755376344086
361.78354 975.1416510665213 193230774.90948895 390899388.94182634 238.0
404.614990322581 975.9127700786463 390899388.94182634 625035963.0748243 228.0
236.06046 976.3696210606753 625035963.0748243 458974743.87315726 227.0
220.3584096774194 976.0719494877463 458974743.87315726 282294800.6537213 227.0
206.7398387096774 975.5709367671093 282294800.6537213 136097394.05736306 227.0
211.79518666666667 974.7323832783088 136097394.05736306 44873957.09378086 227.0
198.8011193548387 973.5937299441113 44873957.09378086 1241494.9756169005 207.7016129032258
202.79752 972.3496597990246 1241494.9756169005 1283954.0112018446 200.13333333333333
224.1675387096774 972.3513581604481 1283954.0112018446 1436633.2153021032 223.46774193548387
313.6830129032258 972.3574653286121 1436633.2153021032 149060241.95151815 258.9059139784946
399.606753571429 974.8364081402462 149060241.95151815 384790480.3282762 304.0
435.645441935484 975.8961697835008 384790480.3282762 704920593.5760099 262.0
420.31831 976.4936655179752 704920593.5760099 843420834.4398369 231.0
436.038487096774 976.6674086551229 843420834.4398369 982221952.997611 228.0
254.64497 976.8138991948647 982221952.997611 750939893.9871212 228.0
445.58210645161284 976.5551840710357 750939893.9871212 942449774.7708237 228.0
215.53147741935484 976.7760929417974 942449774.7708237 525999414.8762785 228.0
218.47727666666668 976.2059988297525 525999414.8762785 266257329.39082438 228.0
204.4267677419355 975.5119754757015 266257329.39082438 96448776.45451394 228.0
207.9243 974.3418345266796 96448776.45451394 24404946.73015554 228.0
218.7113129032258 973.1223596313932 24404946.73015554 1402148.8589106174 226.43010752688173
231.5393903225807 972.3560859543564 1402148.8589106174 1484852.4810659476 231.60752688172042
302.78281428571427 972.3593940992426 1484852.4810659476 1944646.2792729724 302.75892857142856
432.362893548387 972.3777858511709 1944646.2792729724 275441710.741082 317.9596774193548
314.04682333333335 975.545741583607 275441710.741082 342324605.7646838 239.0
366.1549580645161 975.7807733852301 342324605.7646838 513992362.78064245 228.0
226.93008 976.1819847255613 513992362.78064245 361112568.005616 228.0
214.60197419354841 975.83182763045 361112568.005616 210469075.03186488 228.0
202.1849677419355 975.2467626526334 210469075.03186488 77970502.95168293 228.0
209.7605966666667 974.1180329335748 77970502.95168293 1299785.2583842122 227.99722222222223
196.3161806451613 972.3519914103354 1299785.2583842122 1226232.903652948 190.68548387096774
202.40863 972.3490493161461 1226232.903652948 1283749.1559938374 199.73888888888888
233.6946193548387 972.3513499662397 1283749.1559938374 17141223.68662198 226.92741935483872
343.0789677419358 972.9205895468506 17141223.68662198 216843975.34403545 269.0
565.409667857143 975.2780960353078 216843975.34403545 864036069.483009 302.0
611.216364516129 976.691195464788 864036069.483009 1318703193.5126429 331.1962365591398
489.32361888888886 977.0844050351006 1318703193.5126429 1258983123.3264556 303.19166666666666
1520.8114505376348 977.0485801579644 1258983123.3264556 1548412018.259241 1181.0725806451612
1053.7177277777778 977.2222027704015 1548412018.259241 1431116189.1377037 922.5194444444444
626.5193129032258 977.1518393456136 1431116189.1377037 1298111087.0765512 465.01075268817203
285.9326924731183 977.0720522417976 1298111087.0765512 877735230.8947937 235.44623655913978
223.84446444444447 976.707002189494 877735230.8947937 449957989.3440189 229.0
207.2995 976.053915978688 449957989.3440189 189616641.08754468 229.0
217.88332 975.119613665168 189616641.08754468 118871137.76637483 229.0
229.3279451612903 974.5728809052441 118871137.76637483 111615110.7070052 229.0
259.3852806451613 974.5056954695093 111615110.7070052 140785764.30614343 249.0
362.874453571429 974.7717637836417 140785764.30614343 320804345.6423727 290.0
331.233235483871 975.7125159766264 320804345.6423727 438809825.98510563 251.0
279.92057 976.0316196519702 438809825.98510563 377962525.6153209 234.0
352.9960516129032 975.8776155587373 377962525.6153209 505225588.30194366 229.0
225.52593000000002 976.1644511766038 505225588.30194366 350216134.4805806 229.0
216.4438 975.8022177567407 350216134.4805806 205649953.02033105 229.0
203.8446548387097 975.2173777623191 205649953.02033105 76218634.72745916 229.0
211.17780666666667 974.0949820358876 76218634.72745916 1328067.8470982604 228.89166666666668
199.34813548387098 972.3531227138839 1328067.8470982604 1247015.379156249 193.71505376344086
208.12122 972.3498806151662 1247015.379156249 1318248.357136968 205.44166666666666
214.2319935483871 972.3527299342854 1318248.357136968 1375053.9457973307 213.56989247311827
256.51916774193546 972.3550021578319 1375053.9457973307 1650364.1778062226 256.51612903225805
314.6522071428571 972.3660145671122 1650364.1778062226 11356586.558268853 310.8392857142857
354.452732258065 972.7599051821742 11356586.558268853 120959220.64794524 307.0
369.24196 974.5922150059995 120959220.64794524 353276473.8232481 242.0
416.956206451613 975.8105338962588 353276473.8232481 626286280.3511893 229.0
245.03211 976.3715625471292 626286280.3511893 474992974.65863705 229.0
223.5044806451613 976.1039859493172 474992974.65863705 293990980.03000283 229.0
208.1616903225806 975.613937426581 293990980.03000283 141998828.46822876 229.0
213.74545666666668 974.7812408474081 141998828.46822876 48501836.8003902 229.0
200.9083193548387 973.663496861546 48501836.8003902 1251607.5944278552 210.83064516129033
206.88055 972.3500643037771 1251607.5944278552 1313646.3251906638 204.20555555555555
216.5590838709677 972.3525458530075 1313646.3251906638 1388532.6458337328 215.88978494623655
259.6555806451613 972.3555413058333 1388532.6458337328 1669460.8583281669 259.6505376344086
323.1828142857143 972.3667784343331 1669460.8583281669 2076929.665768155 323.1815476190476
374.624422580645 972.3830771866307 2076929.665768155 196695547.5620435 293.0
339.54799333333335 975.1627777290369 196695547.5620435 348188371.7036703 238.0
396.649829032258 975.7967075318035 348188371.7036703 577736238.8485196 230.0
239.3802 976.2961742839263 577736238.8485196 426739751.2705802 230.0
220.8159774193548 976.0074795025412 426739751.2705802 260329415.79842028 229.0
206.3246258064516 975.487160652877 260329415.79842028 117191414.37913947 229.0
212.6670466666667 974.5573279109179 117191414.37913947 30593217.066382993 229.0
200.897064516129 973.2862094787814 30593217.066382993 1254795.9440207386 205.29569892473117
205.37306 972.3501918377608 1254795.9440207386 1300390.866966395 202.70555555555555
217.9164193548387 972.3520156346787 1300390.866966395 1395694.1937697192 217.23924731182797
257.4503580645161 972.3558277677507 1395694.1937697192 3166647.8902670187 256.89247311827955
325.299442857143 972.4266659156107 3166647.8902670187 31107873.22804595 314.0
293.8616935483871 973.2979062097284 31107873.22804595 20908599.853634328 294.0
255.94047999999998 973.0252388848232 20908599.853634328 36670406.611873515 243.0
333.9267193548387 973.4243274229972 36670406.611873515 254796142.9607587 230.0
212.9187 975.460558379619 254796142.9607587 151551938.46320054 230.0
205.6729774193548 974.8558745192438 151551938.46320054 48657981.64222425 229.0
195.5442935483871 973.6664996469659 48657981.64222425 1228696.5020675517 207.68279569892474
204.7183366666667 972.3491478600827 1228696.5020675517 1282981.940235708 199.5222222222222
196.11697096774193 972.3513192776094 1282981.940235708 1224129.6490847494 190.4811827956989
201.91431 972.3489651859634 1224129.6490847494 1283115.264820499 199.24444444444444
88.11211290322584 972.3513246105928 1283115.264820499 565214.8477877066 87.76344086021506
