137.79706129032255 976.4455239431677 673917419.4 425898064.1760412 233.0
248.72363571428556 976.0057961283521 425898064.1760412 376953577.5098617 272.0
422.585732258064 975.874873851929 376953577.5098617 644616977.2986343 272.0
400.7772933333333 976.400026362265 644616977.2986343 757778270.4739293 234.0
648.3859537634405 976.5641819348342 757778270.4739293 1299410897.247182 265.40860215053766
867.2414244444444 977.072831971954 1299410897.247182 1378427077.6966465 666.0888888888888
699.9730989247312 977.120232200178 1378427077.6966465 1318815197.1817346 509.7768817204301
365.1731956989247 977.0844722238643 1318815197.1817346 1040568111.6615846 245.61021505376345
185.81189777777777 976.8693613228722 1040568111.6615846 458120637.01212066 232.0
169.7454935483871 976.0702412740243 458120637.01212066 115430024.5681046 232.0
211.80637000000002 974.5410187460009 115430024.5681046 29974122.557231106 236.0
233.04278064516132 973.272139149028 29974122.557231106 13802862.15793313 238.0
244.38824516129029 972.8278572821648 13802862.15793313 9861395.090040062 246.0
376.2525142857144 972.7025581287517 9861395.090040062 269182632.9876454 270.0
360.094535483871 975.522730268337 269182632.9876454 439889538.09497243 263.0
288.6730866666667 976.03377907619 439889538.09497243 389948797.9681627 237.0
532.9193838709677 975.9101869510005 389948797.9681627 878916953.1213733 238.0
413.78070444444444 976.7083657151401 878916953.1213733 1020023792.7791994 232.0
204.54662580645157 976.8498325026418 1020023792.7791994 584990302.1433524 232.0
164.36801935483876 976.3074383573655 584990302.1433524 209783043.50314486 232.0
171.78968666666665 975.2425795335558 209783043.50314486 1069386.8787802705 231.32222222222222
158.5298870967742 972.3427754751511 1069386.8787802705 984946.6342927905 152.96774193548387
181.91654 972.3393978653717 984946.6342927905 1148715.5061615321 179.22222222222223
205.8570258064516 972.3459486202464 1148715.5061615321 1321565.4513662492 205.15322580645162
238.82588709677418 972.3528626180546 1321565.4513662492 1538594.4169790612 238.84408602150538
363.4456250000003 972.3615437766791 1538594.4169790612 195711568.61451823 283.8690476190476
454.095609677419 975.1567778574056 195711568.61451823 538152590.9593351 291.0
372.9273 976.2303051819187 538152590.9593351 631036811.1723666 234.0
374.558722580645 976.3789391477832 631036811.1723666 699149393.9946753 234.0
633.1673033333333 976.484704027942 699149393.9946753 1304008194.0688047 261.65833333333336
320.04309569892484 977.0755897984816 1304008194.0688047 1006136912.9027524 241.36290322580646
163.6100333333333 976.8366320464855 1006136912.9027524 447680358.9933073 232.0
171.01183666666665 976.0493607179866 447680358.9933073 126998039.82898545 234.0
157.5339548387097 974.6481299984165 126998039.82898545 975162.9133812853 193.5
187.39037 972.3390065165352 975162.9133812853 1189293.5973661644 184.67222222222222
203.4237129032258 972.3475717438946 1189293.5973661644 1304365.8268252409 202.74193548387098
242.45832580645157 972.352174633073 1304365.8268252409 1559604.7471577781 242.46236559139786
425.3450428571433 972.3623841898863 1559604.7471577781 295586208.1088947 304.8154761904762
360.486719354839 975.6198022356945 295586208.1088947 437128330.81641567 273.0
334.22483666666665 976.0282566616328 437128330.81641567 472802821.9714058 241.0
382.51344516129 976.0996056439428 472802821.9714058 609274707.5043365 237.0
411.76926555555565 976.3451470613422 609274707.5043365 817207967.252252 234.0
348.24007526881724 976.6371630391372 817207967.252252 764206796.2176461 232.0
165.57623548387096 976.572640521339 764206796.2176461 312084576.4490869 232.0
170.63748666666666 975.6804580016511 312084576.4490869 50311190.893608995 235.0
156.9702451612903 973.6982921325695 50311190.893608995 970968.8936103126 168.86290322580646
182.99036 972.3388387557444 970968.8936103126 1158240.9563423072 180.2861111111111
199.4200483870968 972.3463296382537 1158240.9563423072 1279959.6438956207 198.73655913978496
243.9406064516129 972.3511983857558 1279959.6438956207 25867234.845109582 234.90322580645162
365.2967285714284 973.1629787456975 25867234.845109582 280663254.7493902 261.0
297.008006451613 975.5649384365787 280663254.7493902 293780225.7295908 267.0
273.96416 975.6131625945941 293780225.7295908 283729150.10772896 233.0
335.6986193548387 975.5762101106902 283729150.10772896 408717514.8036661 232.0
192.9712 975.961188898923 408717514.8036661 210540145.65677932 232.0
170.5747290322581 975.2471960101024 210540145.65677932 3817841.7297070557 232.0
154.6602258064516 972.4527136691883 3817841.7297070557 964949.7127942762 151.6290322580645
163.97882666666666 972.3385979885118 964949.7127942762 1023415.430417945 158.84444444444443
151.77965483870966 972.3409366172167 1023415.430417945 940569.8487237919 146.2284946236559
177.98207 972.3376227939489 940569.8487237919 1123891.078550867 175.28333333333333
191.7609516129032 972.344955643142 1123891.078550867 1226665.8123239488 191.08602150537635
261.11474516129033 972.349066632493 1226665.8123239488 74744728.81195906 233.88440860215053
382.8143928571424 974.0755885369995 74744728.81195906 363355448.4360172 265.0
351.78264516129 975.8379224142283 363355448.4360172 457167488.40838766 277.0
292.50837 976.0683349768168 457167488.40838766 407724058.48613733 237.0
343.3340258064516 975.9584892893645 407724058.48613733 485687560.5763826 237.0
192.52103 976.1253751211527 485687560.5763826 254588548.4977435 235.0
172.5846612903226 975.4595603293161 254588548.4977435 25730729.51028917 238.0
156.5949161290323 973.1591869308414 25730729.51028917 981270.0252833014 161.54569892473117
166.53606666666667 972.3392508010113 981270.0252833014 1041208.336634255 161.3972222222222
155.669835483871 972.3416483334653 1041208.336634255 963133.7829585463 150.11021505376345
186.4077 972.3385253513183 963133.7829585463 1181015.9074013364 183.6888888888889
198.5062677419355 972.347240636296 1181015.9074013364 1274927.57449721 197.83333333333334
214.1589580645161 972.3509971029798 1274927.57449721 1374102.4771205597 214.22043010752688
266.46143928571433 972.3549640990848 1374102.4771205597 1714567.9997771936 266.48511904761904
227.1590516129032 972.3685827199911 1714567.9997771936 1445534.715774769 225.20430107526883
211.07228666666668 972.357821388631 1445534.715774769 1333536.7374266486 207.4777777777778
187.3960193548387 972.3533414694971 1333536.7374266486 1179645.8529448148 183.88709677419354
175.50169 972.3471858341178 1179645.8529448148 1106919.8086512152 172.73333333333332
162.5318612903226 972.344276792346 1106919.8086512152 1021642.0091033996 159.0241935483871
149.20879032258063 972.3408656803641 1021642.0091033996 935202.1651909 145.15591397849462
27.32068444444444 972.3374080866076 935202.1651909 147542.72326616495 22.725
0.2561032258064486 972.3059017089306 147542.72326616495 -9731338.935136097 0.06182795698924731
19.207340000000002 971.9107464425945 -9731338.935136097 106919.0463769033 13.044444444444444
31.190435483871 972.304276761855 106919.0463769033 197047.90500798888 30.551075268817204
84.17113548387094 972.3078819162002 197047.90500798888 541747.5190417201 84.13709677419355
238.17091071428527 972.3216699007617 541747.5190417201 1529616.1662682912 237.92559523809524
418.13486559139824 972.3611846466507 1529616.1662682912 331743828.1277668 279.88709677419354
428.85522333333336 975.7520212720864 331743828.1277668 609871053.9077528 238.0
431.147577419355 976.3460730650742 609871053.9077528 807243664.475474 234.0
220.20038 976.6256657667025 807243664.475474 541708649.6078737 232.0
406.4592301075269 976.2374172992157 541708649.6078737 710999515.3848324 234.0
176.50959569892473 976.5026309412958 710999515.3848324 304240669.95849997 232.0
170.46983444444442 975.6516201101416 304240669.95849997 39272376.699914195 238.0
156.0858451612903 973.4834631068163 39272376.699914195 968411.1843126906 164.28763440860214
184.06024 972.3387364473725 968411.1843126906 1169005.5982749956 181.35
201.2187677419355 972.3467602239309 1169005.5982749956 1290701.4696788846 200.53494623655914
301.40391290322606 972.3516280587871 1290701.4696788846 89220105.89848848 268.81720430107526
428.9063642857143 974.2632620206358 89220105.89848848 407647894.5184356 299.0
392.943296774194 975.958282322061 407647894.5184356 609896044.1715668 267.0
269.1943266666667 976.3461118698317 609896044.1715668 460565100.77499837 234.0
509.5547150537634 976.07513020155 460565100.77499837 877412938.4347827 236.0
326.08258 976.7066303135786 877412938.4347827 824409032.6194626 232.0
167.44057419354834 976.6454719607148 824409032.6194626 381084275.43133295 232.0
153.113 975.8860985745416 381084275.43133295 58485104.74342636 237.0
162.73729666666665 973.8357047616161 58485104.74342636 1010671.0627180032 178.73055555555555
150.8282 972.3404268425087 1010671.0627180032 932620.4281791775 145.2768817204301
180.30777 972.3373048171271 932620.4281791775 1141696.2789189615 177.59722222222223
191.2812193548387 972.3456678511567 1141696.2789189615 1226966.3184991155 190.61290322580646
206.63831612903223 972.3490786527399 1226966.3184991155 1327863.4508553676 206.69892473118279
287.4689214285714 972.3531145380342 1327863.4508553676 3453631.732207887 286.76190476190476
286.6417677419355 972.4381452692883 3453631.732207887 38846865.49508303 270.0
244.04239333333334 973.4737923976155 38846865.49508303 34672627.61757657 238.0
304.4672741935484 973.378923354945 34672627.61757657 167390758.486519 239.0
171.21332999999998 974.979615300676 167390758.486519 1080486.1007464004 226.0222222222222
157.4956870967742 972.3432194440298 1080486.1007464004 992013.0639981094 153.99462365591398
145.8215193548387 972.3396805225599 992013.0639981094 908993.3630559907 141.7715053763441
157.05768666666665 972.3363597345221 908993.3630559907 976729.0521471222 151.93055555555554
145.91966774193548 972.3390691620858 976729.0521471222 899580.8260901709 140.3763440860215
165.29263111111112 972.3359832330435 899580.8260901709 1042763.1388598199 162.61944444444444
31.804987096774198 972.3417105255544 1042763.1388598199 200842.28501445337 31.513440860215052
73.79251290322584 972.3080336914005 200842.28501445337 473826.27331097564 73.78494623655914
131.8988357142857 972.3189530509324 473826.27331097564 848635.6900455003 131.90178571428572
241.34703010752668 972.3339454276017 848635.6900455003 1535506.5504438083 239.0268817204301
290.87502666666666 972.3614202620178 1535506.5504438083 115574644.84136872 236.0
349.4524967741935 974.5423578226053 115574644.84136872 327700525.11658704 236.0
190.78958 975.7378695776346 327700525.11658704 145530841.8156447 234.0
169.1517419354839 974.8088347016848 145530841.8156447 1062352.0231933766 213.75
152.4774741935484 972.3424940809277 1062352.0231933766 957290.8877095993 148.42741935483872
161.40649666666667 972.3382916355083 957290.8877095993 1004518.6388349102 156.28055555555557
148.2299387096774 972.3401807455533 1004518.6388349102 919623.2256875878 142.68548387096774
175.42457 972.3367849290274 919623.2256875878 1110297.985723242 172.725
90.48839784946233 972.3444119194289 1110297.985723242 578227.1703259184 90.06989247311827
108.55968387096775 972.323129086813 578227.1703259184 698354.5804178345 108.61021505376344
198.11109642857127 972.3279341832167 698354.5804178345 1270427.5125777416 198.03571428571428
291.1705935483875 972.350817100503 1270427.5125777416 55938774.18692661 266.81451612903226
291.50759 973.7959183466708 55938774.18692661 156636160.75840616 236.0
317.6809193548387 974.8955950059251 156636160.75840616 284164804.01957726 237.0
175.69986 975.5778117794838 284164804.01957726 77688591.11866541 235.0
160.5699129032258 974.1143235673509 77688591.11866541 1009340.2032251629 184.15322580645162
146.8000709677419 972.340373608129 1009340.2032251629 916013.4016788886 142.752688172043
157.93886666666666 972.3366405360671 916013.4016788886 981689.6172757038 152.8111111111111
148.0625129032258 972.339267584691 981689.6172757038 917281.3625957888 142.51075268817203
174.54877 972.3366912545038 917281.3625957888 1107723.1606777187 171.85
81.78505053763436 972.3443089264271 1107723.1606777187 525121.6237214376 81.38709677419355
118.37043870967744 972.3210048649488 525121.6237214376 765546.1088838144 118.3763440860215
196.01362500000027 972.3306218443553 765546.1088838144 1259972.1058158148 195.9702380952381
362.7258129032261 972.3503988842326 1259972.1058158148 232955041.8217147 265.81182795698925
341.8502066666667 975.3555530856813 232955041.8217147 372735450.910427 239.0
379.614990322581 975.863411551387 372735450.910427 539366197.2191458 238.0
199.06046 976.2327323944382 539366197.2191458 304352560.564063 235.0
176.3584096774194 975.652031472662 304352560.564063 52438444.49935357 245.0
158.8366129032258 973.7392008557568 52438444.49935357 997873.1125615335 173.3521505376344
166.72852 972.3399149245024 997873.1125615335 1037365.6127526982 161.59722222222223
155.8011193548387 972.3414946245101 1037365.6127526982 964834.3571482208 150.23924731182797
179.79752 972.3385933742859 964834.3571482208 1141294.7131584715 177.1
206.1675387096774 972.3456517885263 1141294.7131584715 1317644.6897772916 205.46236559139786
301.74752903225806 972.352705787591 1317644.6897772916 133066355.14398275 252.8709677419355
394.3924678571433 974.704318103185 133066355.14398275 385073096.6370739 292.0
427.645441935484 975.8969377626007 385073096.6370739 667410106.1503639 270.0
404.25164333333333 976.4354194194882 667410106.1503639 783614014.7863675 232.0
412.038487096774 976.5981763352453 783614014.7863675 881631420.2806726 232.0
217.64497 976.7114977926316 881631420.2806726 588937366.205848 232.0
440.74070860215056 976.313567338829 588937366.205848 814627202.2435962 234.0
170.47771397849462 976.634185233358 814627202.2435962 350281318.03617 232.0
173.3828322222222 975.8023948859678 350281318.03617 67524965.23421071 240.0
157.4267677419355 973.9769525817845 67524965.23421071 973284.5240910357 175.19354838709677
183.9243 972.3389313809636 973284.5240910357 1167412.7171137838 181.21666666666667
200.7113129032258 972.3466965086845 1167412.7171137838 1283813.2443917473 200.02956989247312
218.57164838709681 972.3513525297757 1283813.2443917473 1401490.3027575014 218.6263440860215
298.67567142857143 972.3560596121102 1401490.3027575014 1918406.2089248 298.6279761904762
426.362893548387 972.376736248357 1918406.2089248 341809203.35002726 284.0
294.9801566666667 975.7793728351903 341809203.35002726 353073931.52789396 234.0
339.1549580645161 975.8099835095867 353073931.52789396 448941275.46800894 235.0
188.93008 976.051882550936 448941275.46800894 224454716.47697094 234.0
169.60197419354841 975.3146861369084 224454716.47697094 1065590.9304522646 237.03225806451613
154.28174193548392 972.342623637218 1065590.9304522646 963151.290589272 150.2284946236559
164.69393 972.3385260516235 963151.290589272 1029249.6600080868 159.55555555555554
151.3161806451613 972.3411699864002 1029249.6600080868 938032.2533804106 145.7688172043011
179.40863 972.3375212901352 938032.2533804106 1136755.0753328048 176.70277777777778
214.6946193548387 972.3454702030133 1136755.0753328048 1374057.8283947743 213.96505376344086
331.1434838709681 972.3549623131357 1374057.8283947743 212152653.1933355 252.8951612903226
560.0882392857144 975.255541601891 212152653.1933355 919514864.034937 272.0
604.216364516129 976.7542916958507 919514864.034937 1316919358.8096936 343.8037634408602
507.10695222222216 977.0833349482962 1316919358.8096936 1264097935.9823706 317.8833333333333
1521.2791924731184 977.0516484319031 1264097935.9823706 1548612596.3475056 1183.3091397849462
1053.7177277777778 977.2223230931899 1548612596.3475056 1431116289.3529549 922.5944444444444
611.5193129032258 977.1518394057307 1431116289.3529549 1294049688.4554396 451.9005376344086
246.93269247311832 977.0696158898953 1294049688.4554396 788709222.9535304 236.8521505376344
178.7611311111111 976.6042798726387 788709222.9535304 314694461.7128842 232.0
160.2995 975.6900531680621 314694461.7128842 12977120.750969555 237.0
192.88332 972.8049200208603 12977120.750969555 1222168.4657741073 194.72222222222223
209.3279451612903 972.3488867386309 1222168.4657741073 1344103.672526584 208.64247311827958
246.4497967741936 972.3537641469011 1344103.672526584 1584014.877280408 246.45967741935485
356.5530250000004 972.3633605950912 1584014.877280408 174059896.42183295 285.88392857142856
322.233235483871 975.0247554659868 174059896.42183295 238857138.95008343 281.0
257.92057 975.3839285526446 238857138.95008343 172321944.26271728 254.0
324.9960516129032 975.0141581967239 172321944.26271728 258511187.7752473 261.0
189.52593000000002 975.4784191719964 258511187.7752473 64984493.920053296 246.0
174.4438 973.9372577175009 64984493.920053296 1099131.6561928482 193.7768817204301
156.90917096774197 972.3439652662477 1099131.6561928482 983314.538153532 152.85752688172042
168.17780666666667 972.3393325815262 983314.538153532 1051157.8358560721 163.03333333333333
156.34813548387098 972.3420463134343 1051157.8358560721 972133.3817522111 150.78763440860214
185.12122 972.3388853352701 972133.3817522111 1170163.8203399132 182.4111111111111
196.2319935483871 972.3468065528135 1170163.8203399132 1257840.7591592239 195.56182795698925
244.55142580645162 972.3503136303664 1257840.7591592239 1568203.2693108837 244.53494623655914
310.54506428571426 972.3627281307724 1568203.2693108837 1993751.5131422158 310.5357142857143
345.452732258065 972.3797500605257 1993751.5131422158 125380900.18484534 293.0
353.04196 974.6331564831929 125380900.18484534 297862642.2914081 254.0
391.956206451613 975.6281714790125 297862642.2914081 504245420.0583187 246.0
210.03211 976.1624908401167 504245420.0583187 302120521.59881264 236.0
180.5044806451613 975.6438254470545 302120521.59881264 60304909.04735844 245.0
161.258464516129 973.864139203865 60304909.04735844 1008219.6256227857 178.57258064516128
169.67879 972.3403287850249 1008219.6256227857 1058110.377454577 164.5388888888889
158.9083193548387 972.3423244150981 1058110.377454577 984861.8324854915 153.34139784946237
186.88055 972.3393944732994 984861.8324854915 1181906.852853375 184.16944444444445
199.5590838709677 972.347276274114 1181906.852853375 1279952.5409517032 198.88440860215053
247.6878387096774 972.351198101638 1279952.5409517032 1588733.2792316051 247.6720430107527
319.07567142857147 972.3635493311692 1588733.2792316051 51244929.25886311 298.8452380952381
367.624422580645 973.7162486395936 51244929.25886311 236944809.11131886 286.0
320.4813266666667 975.374734659189 236944809.11131886 325800127.46563727 242.0
370.649829032258 975.7308828215648 325800127.46563727 482246822.49092054 243.0
203.3802 976.1184936449819 482246822.49092054 266944677.31011695 239.0
177.8159774193548 975.5145024901108 266944677.31011695 12021006.447236344 253.0
160.38914193548388 972.778361290201 12021006.447236344 1006450.6223142297 160.3709677419355
168.63371333333333 972.3402580248925 1006450.6223142297 1051736.5740649707 163.49722222222223
161.897064516129 972.3420694629625 1051736.5740649707 1006735.3645744126 156.31451612903226
184.37306 972.340269414583 1006735.3645744126 1167794.1185356257 181.67777777777778
201.9164193548387 972.3467117647414 1167794.1185356257 1292938.5275224529 201.2311827956989
246.45035806451608 972.3517175411008 1292938.5275224529 1584751.2096395683 246.44086021505376
321.19230000000016 972.3633900483856 1584751.2096395683 24855086.656367548 311.8065476190476
287.8616935483871 973.1348635182325 24855086.656367548 1838393.3888797043 294.09139784946234
235.74048 972.3735357355552 1838393.3888797043 1487301.350818425 232.2111111111111
304.9267193548387 972.3594920540327 1487301.350818425 103238399.61286888 256.93279569892474
176.9187 974.4156347784008 103238399.61286888 1119295.5201362441 211.14444444444445
163.6729774193548 972.3447718208054 1119295.5201362441 1027226.4758523897 160.16666666666666
149.57655161290322 972.3410890590341 1027226.4758523897 938030.2012231795 145.5241935483871
160.68500333333333 972.3375212080489 938030.2012231795 997128.093385244 155.55555555555554
150.11697096774193 972.3398851237354 997128.093385244 932367.5265743685 144.56182795698925
177.91431 972.3372947010629 932367.5265743685 1127420.944387518 175.2111111111111
87.34060752688175 972.3450968377755 1127420.944387518 561131.6181942942 86.93548387096774
