137.79706129032255 976.4455239431677 673917419.4 884051.9425883683 389.35483870967744
248.72363571428556 972.3353620777035 884051.9425883683 1597526.0372720337 248.5922619047619
1003.585732258064 972.3639010414909 1597526.0372720337 15438402.984615946 995.3198924731183
328.91062666666664 972.8732889717949 15438402.984615946 2090447.3617747854 330.28333333333336
480.74348064516096 972.383617894471 2090447.3617747854 3058125.7850840804 476.5
508.29697999999996 972.4223250314034 3058125.7850840804 3242486.5134980516 505.14722222222224
699.9730989247312 972.42969946054 3242486.5134980516 4465979.460546014 695.3978494623656
365.1731956989247 972.4786391784219 4465979.460546014 2313056.8726024856 361.6209677419355
233.83411999999998 972.3925222749041 2313056.8726024856 1468583.829564988 228.9388888888889
216.74549354838712 972.3587433531826 1468583.829564988 1357178.6483997188 211.09408602150538
258.80637 972.3542871459359 1357178.6483997188 1645508.719229232 256.0027777777778
280.0427806451613 972.3658203487691 1645508.719229232 1795279.665274401 279.3333333333333
289.87211612903224 972.3718111866109 1795279.665274401 1859370.3585020937 289.9489247311828
428.2882285714287 972.3743748143401 1859370.3585020937 2750180.6089129215 428.0922619047619
400.094535483871 972.4100072243565 2750180.6089129215 2556768.6710038283 398.005376344086
230.80642 972.4022707468401 2556768.6710038283 1461223.9670930877 227.56944444444446
340.6048677419355 972.3584489586837 1461223.9670930877 2159611.12650853 336.61290322580646
341.6445933333334 972.3863844450603 2159611.12650853 2171182.2950834064 338.7027777777778
225.71329247311826 972.3868472918033 2171182.2950834064 1424036.5490520594 222.38440860215053
209.78737419354843 972.3569614619621 1424036.5490520594 1323527.561952036 205.66397849462365
220.35635333333335 972.3529411024781 1323527.561952036 1384654.233552934 215.13333333333333
205.5298870967742 972.3553861693421 1384654.233552934 1286860.2515411894 199.89247311827958
228.91654 972.3514744100617 1286860.2515411894 1454364.113901207 226.18333333333334
251.8570258064516 972.3581745645561 1454364.113901207 1610732.9311278847 251.1505376344086
283.34201612903223 972.3644293172451 1610732.9311278847 1816882.6707351815 283.36559139784947
414.37419642857174 972.3726753068294 1816882.6707351815 2662035.886873375 414.19642857142856
488.095609677419 972.4064814354749 2662035.886873375 3119105.284587616 485.7096774193548
308.52729999999997 972.4247642113835 3119105.284587616 1958227.6753324617 305.23055555555555
374.558722580645 972.3783291070133 1958227.6753324617 2377106.201827445 370.63440860215053
309.6478588888889 972.3950842480731 2377106.201827445 1970343.129357707 306.89444444444445
320.0457838709678 972.3788137251743 1970343.129357707 2029313.0716468878 316.31451612903226
208.79820537634407 972.3811725228659 2029313.0716468878 1312354.0710775252 204.90591397849462
219.57850333333334 972.3524941628431 1312354.0710775252 1376337.263683789 214.35555555555555
204.5339548387097 972.3550534905473 1376337.263683789 1279571.8224535387 198.8978494623656
234.39037000000002 972.3511828728981 1279571.8224535387 1490242.9317698998 231.63611111111112
250.4237129032258 972.3596097172708 1490242.9317698998 1602722.4289068338 249.73387096774192
286.9744548387096 972.3641088971563 1602722.4289068338 1839882.3086434572 286.98655913978496
476.27361428571476 972.3735952923457 1839882.3086434572 3053756.6682386654 475.94642857142856
392.486719354839 972.4221502667295 3053756.6682386654 2504677.4101317194 390.53494623655916
269.82483666666667 972.4001870964053 2504677.4101317194 1706790.7904586955 266.43055555555554
382.51344516129 972.3682716316183 1706790.7904586955 2428140.83010176 378.46774193548384
239.73870999999997 972.397125633204 2428140.83010176 1524540.1413586263 237.23611111111111
228.8099677419355 972.3609816056543 1524540.1413586263 1445724.86315057 225.2284946236559
210.24559032258065 972.357828994526 1445724.86315057 1325471.3645511568 206.1290322580645
219.2041533333333 972.353018854582 1325471.3645511568 1377958.7101753312 213.98611111111111
203.97024516129028 972.355118348407 1377958.7101753312 1271824.5021146983 198.33870967741936
229.99036 972.3508729800845 1271824.5021146983 1462839.403265342 227.24722222222223
246.4200483870968 972.3585135761306 1462839.403265342 1581966.0744395645 245.7284946236559
289.42447741935484 972.3632786429775 1581966.0744395645 1858260.3573708204 289.4220430107527
417.3324428571427 972.3743304142948 1858260.3573708204 2681949.631833384 417.1636904761905
332.008006451613 972.4072779852734 2681949.631833384 2116416.2944998215 330.0994623655914
211.43082666666666 972.38465665178 2116416.2944998215 1333493.1765483553 208.09444444444443
335.6986193548387 972.3533397270619 1333493.1765483553 2131804.085901967 331.6747311827957
220.9712 972.3852721634361 2131804.085901967 1404454.839024673 218.41666666666666
215.57472903225812 972.3561781935609 1404454.839024673 1360074.5228197635 211.99462365591398
200.14409677419354 972.3544029809127 1360074.5228197635 1261062.417305309 196.03225806451613
212.5454933333333 972.3504424966922 1261062.417305309 1332691.5576698731 207.33055555555555
198.77965483870966 972.3533076623067 1332691.5576698731 1243900.2530638734 193.1505376344086
224.98207 972.3497560101225 1243900.2530638734 1430971.000965232 222.24444444444444
238.76095161290323 972.3572388400386 1430971.000965232 1531148.947915052 238.0779569892473
306.5986161290322 972.3612459579166 1531148.947915052 1972811.6813944308 306.53494623655916
320.0048690476186 972.3789124672558 1972811.6813944308 2057437.2020998718 320.13690476190476
385.29339784946205 972.382297488084 2057437.2020998718 2457428.736854077 382.991935483871
240.24170333333336 972.3982971494742 2457428.736854077 1520244.2628631173 236.93333333333334
343.3340258064516 972.3608097705145 1520244.2628631173 2176677.1520780073 339.35483870967744
219.52103 972.3870670860831 2176677.1520780073 1394280.0720790916 216.98888888888888
215.58466129032263 972.3557712028831 1394280.0720790916 1362036.885296962 212.0
202.07878709677425 972.3544814754118 1362036.885296962 1275902.2848938578 197.95967741935485
215.10273333333333 972.3510360913957 1275902.2848938578 1348598.5107564316 209.88333333333333
201.669835483871 972.3539439404302 1348598.5107564316 1261740.5463552615 196.03494623655914
233.40769999999998 972.3504696218541 1261740.5463552615 1483362.9063443153 230.65
219.9094935483871 972.3593345162537 1483362.9063443153 1407858.1630786352 219.29569892473117
61.005732258064484 972.3563143265231 1407858.1630786352 393348.4420938852 61.47849462365591
122.92572500000003 972.3157339376837 393348.4420938852 796149.2671034796 122.91666666666667
146.857976344086 972.3318459706841 796149.2671034796 932853.0249609007 144.80107526881721
155.73062 972.3373141209984 932853.0249609007 977762.2950523153 152.13611111111112
118.3960193548387 972.3391104918021 977762.2950523153 742245.3727266252 114.99193548387096
154.45724555555555 972.329689814909 742245.3727266252 975254.6038582776 151.5888888888889
54.85981827956991 972.3390101841543 975254.6038582776 336333.4301788519 51.674731182795696
5.300188172043008 972.3134533372071 336333.4301788519 11163.186369721047 1.5161290322580645
0.9095733333333342 972.3004465274547 11163.186369721047 -7605038.83008694 0.002777777777777778
0.2561032258064486 971.9957984467964 -7605038.83008694 -13443895.067143366 0.0
17.207340000000002 971.7622441973141 -13443895.067143366 96198.45754180948 9.76388888888889
29.190435483871 972.3038479383016 96198.45754180948 187358.52953014438 28.551075268817204
84.17113548387094 972.3074943411812 187358.52953014438 546457.9942562887 84.13172043010752
238.17091071428527 972.3218583197702 546457.9942562887 1534324.5890149618 237.92559523809524
418.85798387096816 972.3613729835606 1534324.5890149618 2671653.365960349 416.26075268817203
364.4552233333333 972.4068661346384 2671653.365960349 2318631.8221573937 360.7861111111111
431.147577419355 972.3927452728863 2318631.8221573937 2740247.6180730048 427.16129032258067
251.20038 972.4096099047229 2740247.6180730048 1596823.8590242865 248.78055555555557
437.5640688172043 972.3638729543609 1596823.8590242865 2784919.9940087562 433.28494623655916
211.2972301075269 972.4113967997604 2784919.9940087562 1329078.1932659182 207.67741935483872
219.0087233333333 972.3531631277306 1329078.1932659182 1372637.4570195074 213.79444444444445
203.0858451612903 972.3549054982808 1372637.4570195074 1270510.2592559932 197.45430107526883
231.06024000000002 972.3508204103703 1270510.2592559932 1467642.6253599904 228.3138888888889
246.2187677419355 972.3587057050144 1467642.6253599904 1580575.266948989 245.52956989247312
345.9200419354841 972.363223010678 1580575.266948989 2223848.2962925485 345.78225806451616
479.83493571428573 972.3889539318517 2223848.2962925485 3082510.4330018084 479.6547619047619
424.943296774194 972.4233004173201 3082510.4330018084 2716567.8782470054 422.9032258064516
206.66099333333332 972.4086627151298 2716567.8782470054 1304729.528489788 203.57222222222222
313.6461129032258 972.3521891811396 1304729.528489788 1989961.8728696697 309.68817204301075
238.05480222222218 972.3795984749148 1989961.8728696697 1513922.5806649388 235.38888888888889
213.17175698924729 972.3605569032266 1513922.5806649388 1347423.5628908589 209.63978494623655
198.59687096774195 972.3538969425156 1347423.5628908589 1249435.4616630373 194.48655913978496
211.30396333333334 972.3499774184664 1249435.4616630373 1326520.9208432368 206.0888888888889
197.8282 972.3530608368337 1326520.9208432368 1235277.1598119943 192.2016129032258
225.30777 972.3494110863925 1235277.1598119943 1430608.2066321673 222.56666666666666
236.2812193548387 972.3572243282653 1430608.2066321673 1514316.6576140102 235.6048387096774
250.1867032258064 972.3605726663045 1514316.6576140102 1604254.0749970288 250.252688172043
338.3974928571428 972.3641701629998 1604254.0749970288 2172856.482169297 338.33035714285717
317.6417677419355 972.3869142592868 2172856.482169297 2025535.681812968 315.5860215053763
184.30906 972.3810214272725 2025535.681812968 1162083.0765433821 181.03333333333333
304.4672741935484 972.3464833230616 1162083.0765433821 1934786.4233779598 300.48655913978496
200.21332999999998 972.3773914569351 1934786.4233779598 1268661.0470163515 197.65277777777777
202.4956870967742 972.3507464418806 1268661.0470163515 1280728.2966876565 198.90860215053763
191.30539032258062 972.3512291318675 1280728.2966876565 1204139.3145744505 187.19623655913978
57.27435333333334 972.348165572583 1204139.3145744505 341100.7890653252 52.66111111111111
0.9196677419354771 972.3136440315626 341100.7890653252 -8471393.518866234 0.1424731182795699
14.181519999999999 971.9611442592452 -8471393.518866234 80030.2286621549 8.527777777777779
30.804987096774198 972.3032012091464 80030.2286621549 196400.26465245846 30.155913978494624
72.79251290322584 972.3078560105861 196400.26465245846 469305.2943428888 72.78494623655914
131.8988357142857 972.3187722117736 469305.2943428888 851313.9211911971 131.89880952380952
207.48950322580626 972.3340525568476 851313.9211911971 1320083.8756434324 205.2715053763441
237.83335999999997 972.3528033550257 1320083.8756434324 1506982.6595258515 234.09444444444443
349.4524967741935 972.360279306381 1506982.6595258515 2218175.279397398 345.4462365591398
223.78958 972.3887270111759 2218175.279397398 1416901.2517742377 221.26111111111112
212.15174193548393 972.356676050071 1416901.2517742377 1336619.108715118 208.58870967741936
197.96134516129032 972.3534647643486 1336619.108715118 1244798.061411335 193.8494623655914
209.97316333333333 972.3497919224565 1244798.061411335 1319086.5636038664 204.76111111111112
195.2299387096774 972.3527634625441 1319086.5636038664 1221087.1502681903 189.61021505376345
90.56901444444445 972.3488434860107 1221087.1502681903 571140.5305368612 88.2611111111111
30.7034516129032 972.3228456212214 571140.5305368612 192313.15106678984 30.239247311827956
108.55968387096775 972.3076925260426 192313.15106678984 701229.2237168524 108.46505376344086
198.11109642857127 972.3280491689486 701229.2237168524 1273302.2048891932 198.03571428571428
307.83726021505413 972.3509320881956 1273302.2048891932 1961386.5264802356 305.4758064516129
244.8409233333333 972.3784554610592 1961386.5264802356 1550066.3380438886 241.325
317.6809193548387 972.3620026535217 1550066.3380438886 2014208.6221344478 313.8010752688172
210.69986 972.3805683448853 2014208.6221344478 1333160.0008859239 208.13611111111112
202.56991290322583 972.3533264000354 1333160.0008859239 1277378.279874141 199.00806451612902
192.28394193548382 972.3510951311949 1277378.279874141 1212113.6223261766 188.16935483870967
206.50553333333335 972.348484544893 1212113.6223261766 1290953.307863144 201.29722222222222
194.0625129032258 972.3516381323145 1290953.307863144 1210797.8049165774 188.43817204301075
42.72377 972.3484319121966 1210797.8049165774 261467.01487002408 40.56944444444444
38.3441903225806 972.3104586805947 261467.01487002408 248496.47001966598 37.74193548387097
118.37043870967744 972.3099398588007 248496.47001966598 762512.6597114917 118.2741935483871
196.01362500000027 972.3305005063884 762512.6597114917 1256938.4291616348 195.9702380952381
377.6102215053766 972.3502775371664 1256938.4291616348 2410538.8784832163 375.03225806451616
282.11687333333333 972.3964215551393 2410538.8784832163 1787701.5926134454 278.64166666666665
379.614990322581 972.3715080637045 1787701.5926134454 2414875.213483951 375.60752688172045
231.06045999999998 972.3965950085393 2414875.213483951 1464468.5517870232 228.58333333333334
217.3584096774194 972.3585787420715 1464468.5517870232 1375405.4924091205 213.79301075268816
204.32048387096773 972.3550162196964 1375405.4924091205 1288642.6655848252 200.19892473118279
214.2618533333333 972.3515457066234 1288642.6655848252 1345302.8316539538 209.05
198.8011193548387 972.3538121132661 1345302.8316539538 1241884.9250245625 193.17741935483872
224.79752 972.349675397001 1241884.9250245625 1426232.376694859 222.0611111111111
251.1675387096774 972.3570492950678 1426232.376694859 1608219.8423247426 250.4516129032258
346.2636580645161 972.364328793693 1608219.8423247426 2221460.965703441 346.13709677419354
395.35080119047666 972.3888584386281 2221460.965703441 2539806.979493148 395.38988095238096
459.1239365591399 972.4015922791797 2539806.979493148 2933205.880951494 456.7795698924731
334.25164333333333 972.4173282352381 2933205.880951494 2123110.3914348613 330.7916666666667
412.038487096774 972.3849244156573 2123110.3914348613 2617445.9473485663 408.0456989247312
247.64497 972.4046978378939 2617445.9473485663 1575799.5804540133 245.1888888888889
231.05791290322577 972.3630319832181 1575799.5804540133 1463104.887537815 227.48655913978496
212.42663870967743 972.3585241955014 1463104.887537815 1338094.6918180862 208.30913978494624
221.94394333333332 972.3535237876727 1338094.6918180862 1389202.1747475252 216.72222222222223
204.42676774193552 972.3555680869898 1389202.1747475252 1279465.6268819417 198.79569892473117
229.92430000000002 972.3511786250752 1279465.6268819417 1457805.371597366 227.1861111111111
245.7113129032258 972.3583122148639 1457805.371597366 1572634.792223591 245.0215053763441
262.12003548387105 972.362905391689 1572634.792223591 1686553.3463876531 262.1774193548387
348.49710000000005 972.3674621338555 1686553.3463876531 2238113.7068652366 348.4375
456.362893548387 972.3895245482746 2238113.7068652366 2916350.904372733 453.9139784946237
230.58015666666665 972.4166540361749 2916350.904372733 1457614.389519882 227.48333333333332
339.1549580645161 972.3583045755807 1457614.389519882 2150509.672258968 335.1666666666667
218.93007999999998 972.3860203868903 2150509.672258968 1385791.0777132956 216.39166666666668
213.60197419354841 972.3554316431085 1385791.0777132956 1348058.937317924 210.0215053763441
199.76561290322581 972.3539223574927 1348058.937317924 1258832.0284979267 195.6505376344086
212.22726333333333 972.3503532811399 1258832.0284979267 1327622.424957669 207.01388888888889
196.3161806451613 972.3531048969983 1327622.424957669 1225210.8874676987 190.69623655913978
224.40863 972.3490084354987 1225210.8874676987 1424613.627118273 221.66666666666666
260.6946193548387 972.3569845450847 1424613.627118273 1667041.2138101 259.9543010752688
375.65961290322616 972.3666816485523 1667041.2138101 2414333.4976868834 375.48387096774195
612.1239535714287 972.3965733399075 2414333.4976868834 3930087.0162121607 611.6785714285714
636.216364516129 972.4572034806484 3930087.0162121607 4063678.515167265 633.8602150537635
403.75973 972.4625471406067 4063678.515167265 2565802.5348896547 400.4888888888889
838.2630634408604 972.4026321013955 2565802.5348896547 7192208.110645873 832.0241935483871
1053.7177277777778 972.5913420046102 7192208.110645873 18419270.872319084 1044.8861111111112
611.5193129032258 972.9560908575644 18419270.872319084 3898550.404746384 612.9005376344086
246.93269247311832 972.4559420161899 3898550.404746384 1561733.8916382478 243.59677419354838
227.1277977777778 972.3624693556656 1561733.8916382478 1427391.6995471467 221.96944444444443
207.29950000000002 972.3570956679819 1427391.6995471467 1294861.7799307217 201.6720430107527
239.88332000000003 972.3517944711972 1294861.7799307217 1526463.3892051955 237.11666666666667
256.3279451612903 972.3610585355682 1526463.3892051955 1645803.1328766472 255.63440860215053
290.96592580645165 972.365832125315 1645803.1328766472 1867636.1911164422 290.98387096774195
408.5887392857147 972.3747054476446 1867636.1911164422 2626339.1810615673 408.44642857142856
356.233235483871 972.4050535672425 2626339.1810615673 2271696.301317453 354.23118279569894
197.2539033333333 972.3908678520527 2271696.301317453 1242909.3044915386 194.02777777777777
324.9960516129032 972.3497163721796 1242909.3044915386 2062449.8018602738 320.9758064516129
217.52593000000002 972.3824979920744 2062449.8018602738 1376401.56143605 214.95833333333334
216.4438 972.3550560624574 1376401.56143605 1367474.6750226934 212.8494623655914
201.42530000000005 972.3546989870009 1367474.6750226934 1268533.4207943513 197.31182795698925
213.64447333333334 972.3507413368318 1268533.4207943513 1340214.9676395168 208.42777777777778
199.34813548387098 972.3536085987056 1340214.9676395168 1244733.4247356085 193.72043010752688
230.12122 972.3497893369894 1244733.4247356085 1457875.3763424782 227.36944444444444
241.2319935483871 972.3583150150537 1457875.3763424782 1543992.1728418872 240.55376344086022
288.0998129032258 972.3617596869136 1543992.1728418872 1850595.9503064768 288.0860215053763
360.3664928571428 972.3740238380122 1850595.9503064768 2310788.425694064 360.3452380952381
376.452732258065 972.3924315370277 2310788.425694064 2403045.226219524 374.27150537634407
292.37529333333333 972.3961218090487 2403045.226219524 1852190.919457987 288.8611111111111
391.956206451613 972.3740876367783 1852190.919457987 2493895.8491004715 387.9301075268817
235.03211 972.399755833964 2493895.8491004715 1490056.5242196994 232.57222222222222
222.50448064516132 972.3596022609687 1490056.5242196994 1410154.6797736397 218.93010752688173
206.74233548387093 972.3564061871909 1410154.6797736397 1300016.9146688501 202.6263440860215
217.2121233333333 972.3520006765867 1300016.9146688501 1359831.8243271196 211.99444444444444
200.90831935483868 972.3543932729731 1359831.8243271196 1253070.8433814386 195.28225806451613
228.88054999999997 972.3501228337352 1253070.8433814386 1449786.7144557117 226.13611111111112
243.5590838709677 972.3579914685782 1449786.7144557117 1561179.959168885 242.8709677419355
278.4378387096774 972.3624471983667 1561179.959168885 1785993.2257345044 278.4543010752688
165.45662380952382 972.3714397290294 1785993.2257345044 1066198.7438178696 165.91369047619048
389.49270215053747 972.3426479497526 1066198.7438178696 2483276.916368504 386.80913978494624
264.4813266666667 972.3993310766547 2483276.916368504 1673887.4363932766 261.09722222222223
370.649829032258 972.3669554974557 1673887.4363932766 2355513.5345426695 366.6317204301075
229.3802 972.3942205413816 2355513.5345426695 1452738.1920740458 226.88611111111112
220.8159774193548 972.3581095276829 1452738.1920740458 1398671.8237668707 217.23387096774192
204.9052709677419 972.3559468729507 1398671.8237668707 1291791.1264936596 200.79032258064515
215.13371333333333 972.3516716450597 1291791.1264936596 1351147.1306647728 209.91944444444445
201.89706451612898 972.3540458852266 1351147.1306647728 1260158.5251748962 196.26344086021504
228.37306 972.350406341007 1260158.5251748962 1452772.5154055972 225.63055555555556
229.15029032258062 972.3581109006162 1452772.5154055972 1470265.9025590143 228.5
88.70842258064513 972.3588106361024 1470265.9025590143 576036.1657056694 89.13709677419355
157.37087142857158 972.3230414466282 576036.1657056694 1015782.3740623208 157.34821428571428
301.3133064516129 972.3406312949625 1015782.3740623208 1924277.959878419 298.8736559139785
179.74048 972.3769711183951 1924277.959878419 1133885.0267551315 176.44166666666666
304.9267193548387 972.3453554010702 1133885.0267551315 1933679.5321565312 300.93548387096774
200.9187 972.3773471812863 1933679.5321565312 1272767.773071271 198.35555555555555
206.67297741935482 972.3509107109228 1272767.773071271 1301383.2262352135 203.0752688172043
79.55235806451614 972.3520553290493 1301383.2262352135 487993.9844076636 75.85752688172043
1.829447777777773 972.3195197593762 487993.9844076636 -5869312.343663412 0.2111111111111111
0.14116451612903802 972.0652275062533 -5869312.343663412 -12814689.875004984 0.0
16.91431 971.7874124049996 -12814689.875004984 95200.6281495077 9.694444444444445
37.8782419354839 972.3038080251259 95200.6281495077 238534.17036196115 37.21774193548387
