612
125.0
315.0
435.125
612
389.0388888888889
247.57258064516128
247.0
247.0
247.0
247.0
247.0
241.0
141.0
315.0
346.28333333333336
246.89247311827958
247.0
247.0
247.0
247.0
247.0
247.0
247.0
236.0
135.0
315.0
308.1638888888889
339.991935483871
247.2888888888889
247.0
247.0
247.0
247.0
247.0
247.0
235.0
137.0
315.0
231.0
246.0
247.0
247.0
247.0
247.0
247.0
247.0
247.0
235.0
134.0
315.0
228.0
245.0
247.0
247.0
247.0
247.0
247.0
247.0
143.2688172043011
233.51075268817203
145.0
315.0
227.0
243.0
247.0
247.0
247.0
248.0
221.40322580645162
41.74166666666667
70.35483870967742
121.6989247311828
143.70535714285714
135.0
183.95555555555555
97.32795698924731
55.294444444444444
40.0
40.0
40.0
40.0
40.0
40.0
107.78225806451613
136.0
315.0
231.0
452.35752688172045
248.49444444444444
247.0
247.0
247.0
247.0
247.0
247.0
236.0
139.0
315.0
257.3222222222222
246.29569892473117
247.0
247.0
247.0
247.0
247.0
247.0
247.0
234.0
141.0
315.0
229.0
245.0
247.0
103.43548387096774
40.0
40.0
40.0
40.0
40.0
65.81451612903226
144.0
315.0
233.0
243.0
247.0
247.0
247.0
115.14444444444445
40.0
40.0
40.0
188.27956989247312
151.0
315.0
235.0
242.0
247.0
247.0
247.0
68.175
40.0
40.0
40.0
199.4005376344086
139.0
315.0
233.0
241.0
247.0
247.0
247.0
247.0
247.0
247.0
201.86559139784947
233.4784946236559
130.0
315.0
230.0
245.0
247.0
247.0
247.0
247.0
247.0
247.0
247.0
235.0
137.0
315.0
230.0
244.0
247.0
247.0
247.0
247.0
247.0
247.0
247.0
234.0
135.0
612
612
612
274.25555555555553
247.06720430107526
247.0
247.0
247.0
247.0
247.0
237.0
139.0
315.0
230.0
245.0
247.0
247.0
247.0
247.0
247.0
247.0
247.0
234.0
142.0
315.0
227.0
243.0
247.0
247.0
247.0
247.0
247.0
233.775
63.24731182795699
226.86827956989248
146.0
315.0
227.0
244.0
247.0
247.0
248.0
248.0
231.23387096774192
40.0
54.03225806451613
219.4516129032258
147.0
315.0
227.0
246.0
129.64166666666668
48.26881720430107
40.024193548387096
40.0
40.0
40.0
40.0
