1080.0
1365.0
1348.0
1222.0
1420.0
1319.0
1385.0
1314.0
1475.0
1531.0
1415.0
1288.0
1329.0
1587.0
1408.0
1293.0
1440.0
1380.0
1434.0
1492.0
1518.0
1392.0
1282.0
1200.0
1363.0
1786.0
1676.0
1298.0
1351.0
1414.0
1356.0
1472.0
1471.0
1374.0
1258.0
1194.0
1341.0
1746.0
1588.0
1705.0
1548.0
1791.0
1796.0
2001.0
1793.0
1945.0
1798.0
1751.0
1713.0
2171.0
2119.787634408602
2260
2154.3817204301076
2013.0
2028.0
1770.0
1759.0
1613.0
1490.0
1318.0
1363.0
1689.0
1620.0
1443.0
1399.0
1445.0
1500.0
1437.0
1319.0
1208.0
1194.0
1161.0
1266.0
1577.0
1413.0
1164.0
1148.0
1157.0
1122.0
1101.0
1073.0
1045.0
1032.0
1028.0
1165.0
1445.0
1504.0
1304.0
1409.0
1334.0
1410.0
1426.0
1488.0
1413.0
1329.0
1235.0
1387.0
1705.0
1428.0
1363.0
1424.0
1466.0
1528.0
1573.0
1447.0
1259.0
1207.0
1147.0
1316.0
1642.0
1483.0
1210.0
1124.0
1146.0
1117.0
1072.0
1052.0
1040.0
1033.0
1028.0
1165.0
1353.0
1368.0
1120.0
1042.0
1040.0
1036.0
1030.0
1026.0
1024.0
1023.0
1023.0
1127.0
1396.0
1406.0
1123.0
1029.0
1026.0
1026.0
1025.0
1024.0
1023.0
1023.0
1023.0
1132.0
1435.0
1357.0
1105.0
1097.0
1144.0
1184.0
1203.0
1190.0
1181.0
1144.0
1116.0
1242.0
1541.0
1559.0
1526.0
1401.0
1471.0
1497.0
1404.0
1587.0
1441.0
1423.0
1287.0
1381.0
1753.0
1684.0
1263.0
1259.0
1365.0
1363.0
1339.0
1306.0
1320.0
1290.0
1203.0
1363.0
1630.0
1201.0
1274.0
1446.0
1455.0
1564.0
1662.0
1831.0
1727.0
1804.0
1793.0
1599.0
1941.0
1951.0
1617.0
1678.0
1779.0
1871.0
1823.0
1803.0
1720.0
1763.0
1501.0
1478.0
1868.0
1839.0
1825.0
1713.0
1997.0
1974.0
1787.0
1728.0
1484.0
1566.0
1497.0
1411.0
1858.0
1635.0
1831.0
2172.0
2250.0
1970.0
1886.0
1720.0
1572.0
1606.0
1642.0
1534.0
1989.0
2070.0
2193.0
1967.0
2044.0
1777.0
1579.0
1386.0
1253.0
1155.0
1110.0
