200.0
202.0
482.64247311827955
612
612
389.0388888888889
201.0994623655914
200.0
200.0
200.0
200.0
200.0
201.0
203.0
507.31451612903226
418.4194444444444
225.7258064516129
200.06666666666666
200.0
200.0
200.0
201.0
201.0
201.0
202.0
204.0
315.0
612
339.98924731182797
200.59444444444443
200.0
200.0
200.0
200.0
201.0
201.0
203.0
206.0
315.0
403.03055555555557
365.4301075268817
200.84166666666667
200.0
200.0
200.0
200.0
200.0
200.0
200.0
201.0
315.0
200.0
200.0
200.0
200.0
200.0
200.0
200.0
200.0
200.0
200.0
201.0
315.0
200.0
200.0
200.0
200.0
201.0
201.0
200.0
200.0
200.0
202.0
203.0
204.0
205.0
205.0
204.0
73.3010752688172
40.0
40.0
40.0
40.0
40.0
107.05913978494624
205.0
315.0
200.0
421.252688172043
212.54722222222222
200.0268817204301
200.0
200.0
202.0
201.0
201.0
204.0
206.0
510.90860215053766
345.35
200.56451612903226
200.0
200.0
200.0
202.0
202.0
202.0
201.0
203.0
205.0
315.0
200.0
200.0
200.0
200.0
200.0
191.11111111111111
40.0
40.0
40.0
99.67204301075269
200.83035714285714
315.0
200.0
200.0
200.0
200.0
200.0
200.0
99.78494623655914
40.0
40.0
171.61290322580646
201.0
315.0
200.0
200.0
200.0
200.0
201.0
200.0
83.44086021505376
40.0
40.0
184.51612903225808
203.0
315.0
201.0
200.0
200.0
201.0
204.0
202.0
202.0
201.0
201.0
202.0
205.0
315.0
200.0
454.68279569892474
203.65277777777777
200.00537634408602
200.0
201.0
202.0
202.0
202.0
205.0
206.0
315.0
200.0
200.0
200.0
201.0
202.0
202.0
201.0
201.0
200.0
202.0
245.72916666666666
612
612
612
274.25555555555553
200.26075268817203
200.0
200.0
200.0
201.0
200.0
203.0
204.0
315.0
202.0
203.0
201.0
203.0
204.0
202.0
202.0
202.0
202.0
203.0
207.0
315.0
202.0
201.0
200.0
201.0
205.0
205.0
203.0
202.0
202.0
205.0
206.0
315.0
201.0
201.0
201.0
202.0
208.0
204.0
204.0
203.0
202.0
206.0
207.0
315.0
203.0
203.0

40.0
