410.3467741935484
248.16071428571428
487.0
332.60555555555555
475.5779569892473
487.0
487.0
363.30645161290323
229.02777777777777
210.21505376344086
257.3611111111111
278.76344086021504
290.30645161290323
427.14285714285717
398.7096774193548
227.95
336.3494623655914
337.6388888888889
223.9247311827957
205.6451612903226
214.86111111111111
198.79032258064515
226.66666666666666
251.34408602150538
283.5483870967742
413.67857142857144
485.48387096774195
305.2083333333333
370.4731182795699
306.94444444444446
315.3225806451613
205.6451612903226
214.86111111111111
198.79032258064515
231.38888888888889
249.05913978494624
288.2741935483871
474.0952380952381
392.48387096774195
266.14166666666665
377.3763440860215
238.47222222222223
223.9247311827957
205.6451612903226
214.86111111111111
198.79032258064515
226.66666666666666
246.7741935483871
288.2741935483871
416.4166666666667
331.7069892473118
206.73333333333332
331.744623655914
219.58333333333334
212.5
194.22043010752688
207.77777777777777
194.22043010752688
221.94444444444446
237.63440860215053
305.7795698924731
320.6666666666667
382.0833333333333
237.06666666666666
339.3494623655914
217.22222222222223
212.5
198.79032258064515
208.0222222222222
196.50537634408602
231.38888888888889
219.3548387096774
61.365591397849464
123.80952380952381
144.36290322580646
151.38333333333333
115.38709677419355
151.11111111111111
52.553763440860216
2.28494623655914
0.0
0.0
9.444444444444445
27.419354838709676
84.96774193548387
237.95238095238096
414.19354838709677
362.18888888888887
427.19086021505376
247.91666666666666
434.13978494623655
207.93010752688173
212.5
198.79032258064515
226.66666666666666
246.7741935483871
344.59139784946234
478.5
425.35483870967744
201.73611111111111
310.28225806451616
236.11111111111111
210.21505376344086
194.22043010752688
205.41666666666666
191.93548387096774
221.94444444444446
235.3494623655914
250.18279569892474
338.3541666666667
315.2795698924731
181.7111111111111
300.38709677419354
198.33333333333334
198.79032258064515
187.36559139784947
51.94444444444444
2.28494623655914
7.083333333333333
29.704301075268816
73.0
132.45535714285714
204.69354838709677
234.66666666666666
343.741935483871
221.94444444444446
210.21505376344086
191.93548387096774
205.41666666666666
189.6505376344086
89.72222222222223
29.704301075268816
107.82795698924731
197.90178571428572
304.6532258064516
241.175
313.8306451612903
207.77777777777777
201.0752688172043
187.36559139784947
200.69444444444446
189.6505376344086
40.138888888888886
38.844086021505376
117.47311827956989
195.75
375.60483870967744
276.85
375.4704301075269
229.02777777777777
214.78494623655914
198.79032258064515
210.13888888888889
191.93548387096774
221.94444444444446
251.34408602150538
344.59139784946234
396.94940476190476
457.9166666666667
328.6722222222222
407.4032258064516
245.55555555555554
228.49462365591398
207.93010752688173
217.22222222222223
198.79032258064515
226.66666666666666
244.48924731182797
262.28225806451616
349.3333333333333
453.741935483871
228.10833333333332
334.005376344086
217.22222222222223
210.21505376344086
194.22043010752688
207.77777777777777
191.93548387096774
219.58333333333334
260.48387096774195
375.7016129032258
487.0
487.0
399.2083333333333
487.0
487.0
487.0
244.48924731182797
221.94444444444446
203.36021505376345
236.11111111111111
255.91397849462365
289.9758064516129
407.42559523809524
357.0
193.11111111111111
319.7741935483871
214.86111111111111
214.78494623655914
196.50537634408602
207.77777777777777
194.22043010752688
226.66666666666666
239.91935483870967
287.9462365591398
362.8392857142857
373.1290322580645
289.25
388.2204301075269
231.38888888888889
219.3548387096774
203.36021505376345
210.13888888888889
196.50537634408602
226.66666666666666
242.20430107526883
278.18817204301075
166.33928571428572
386.51075268817203
262.05555555555554
366.3709677419355
226.66666666666666
217.06989247311827
201.31182795698925
208.0222222222222
196.50537634408602
226.66666666666666
228.49462365591398
89.58602150537635
156.79464285714286
297.9247311827957
178.0
298.6666666666667
200.93055555555554
201.31182795698925
77.77956989247312
0.0
0.0
9.444444444444445
36.55913978494624
