235.20430107526883
260.41964285714283
259.8467741935484
219.95555555555555
314.6236559139785
487.0
487.0
239.03225806451613
227.64444444444445
225.0268817204301
237.91666666666666
226.25806451612902
245.23655913978496
275.42857142857144
252.16935483870967
222.8388888888889
232.9758064516129
223.8
232.01612903225808
223.1021505376344
229.56666666666666
230.09677419354838
231.20833333333334
222.41935483870967
250.80645161290323
350.5952380952381
304.03225806451616
227.64444444444445
229.13709677419354
262.30555555555554
240.94623655913978
233.93548387096774
227.64444444444445
230.09677419354838
230.25
221.45967741935485
266.40860215053766
333.1309523809524
265.35215053763443
242.0611111111111
225.98924731182797
229.9138888888889
224.81989247311827
234.47043010752688
217.76666666666668
231.5752688172043
229.9138888888889
222.88978494623655
258.5967741935484
297.1607142857143
264.35483870967744
238.06666666666666
227.71505376344086
227.43333333333334
235.43548387096774
223.8548387096774
228.95
193.54569892473117
204.23333333333332
203.58870967741936
259.6720430107527
309.95535714285717
275.96774193548384
235.33333333333334
231.05645161290323
226.68333333333334
224.06451612903226
232.9758064516129
233.125
198.76344086021504
202.925
220.5
232.41935483870967
267.875
235.3709677419355
240.79166666666666
208.66666666666666
214.1888888888889
194.90322580645162
146.57258064516128
51.23888888888889
37.0
37.0
48.8494623655914
100.48387096774194
241.4375
306.8494623655914
234.37222222222223
232.01612903225808
221.87777777777777
231.05645161290323
220.21505376344086
228.60555555555555
231.05645161290323
234.08333333333334
223.3790322580645
274.10752688172045
317.60714285714283
259.6720430107527
226.68333333333334
232.01612903225808
227.64444444444445
225.0268817204301
226.9516129032258
238.875
224.33870967741936
203.88888888888889
207.70430107526883
213.90322580645162
289.4166666666667
303.9543010752688
243.0222222222222
232.33333333333334
225.45833333333334
230.41935483870967
204.81720430107526
197.14166666666668
179.19354838709677
159.44444444444446
60.69892473118279
77.0
144.83630952380952
240.25
245.58333333333334
228.50537634408602
220.66666666666666
226.59139784946237
226.59139784946237
219.70833333333334
190.0779569892473
207.4611111111111
83.40860215053763
125.84408602150538
208.98809523809524
298.1639784946237
235.33333333333334
227.5483870967742
231.95555555555555
225.63440860215053
225.63440860215053
195.2138888888889
190.0779569892473
195.2138888888889
83.40860215053763
138.59677419354838
194.29464285714286
295.2795698924731
236.0
229.46236559139786
225.45833333333334
221.45967741935485
234.247311827957
227.375
209.6290322580645
200.99722222222223
218.58064516129033
262.7258064516129
298.3482142857143
268.3333333333333
221.23888888888888
231.05645161290323
227.64444444444445
234.8951612903226
219.252688172043
233.4111111111111
221.17741935483872
237.91666666666666
226.25806451612902
225.55913978494624
305.95238095238096
319.51612903225805
232.45
225.2983870967742
235.04166666666666
229.13709677419354
228.17741935483872
219.95555555555555
191.7741935483871
207.74444444444444
222.41935483870967
268.3333333333333
299.3154761904762
336.35483870967744
304.4916666666667
487.0
487.0
461.68817204301075
242.57258064516128
231.84166666666667
221.9247311827957
230.87777777777777
224.81989247311827
252.93548387096774
285.5892857142857
259.56182795698925
228.95
231.76344086021504
228.95
228.68010752688173
226.75
230.87777777777777
186.63440860215053
216.8
212.2741935483871
247.90322580645162
320.5952380952381
301.26344086021504
247.26388888888889
221.9247311827957
227.43333333333334
233.50537634408602
224.81989247311827
239.17777777777778
199.51612903225808
208.1
223.1021505376344
255.7016129032258
316.625
298.1639784946237
231.3
230.48387096774192
238.06666666666666
220.80645161290323
228.68010752688173
239.17777777777778
203.38709677419354
196.89444444444445
218.06451612903226
260.63440860215053
316.63690476190476
293.5
240.51944444444445
234.47043010752688
229.36666666666667
223.8548387096774
203.38709677419354
199.4
188.8709677419355
200.99722222222223
87.36559139784946
