690.0
2260
2260
702.0
661.0
649.0
649.0
649.0
649.0
670.0
753.0
786.0
972.0
2260
2260
779.0
794.0
653.0
649.0
665.0
752.0
844.0
852.0
825.0
1148.0
2260
2260
718.0
694.0
667.0
649.0
650.0
697.0
801.0
976.0
840.0
1309.0
2260
2260
866.0
759.0
703.0
657.0
657.0
727.0
791.0
746.0
704.0
1223.8790322580646
2260
2260
703.0
1122.3897849462367
1125.138888888889
758.8172043010753
664.5403225806451
662.0
663.0
659.0
661.0
706.0
2260
2260
776.0
771.0
716.0
793.0
873.0
838.0
809.0
812.0
792.0
1083.0
2260
2260
1594.0
1666.0
1435.0
1235.0
1050.0
949.0
748.0
713.0
701.0
1013.0
2260
2260
792.0
699.0
664.0
707.0
665.0
788.0
1050.0
922.0
910.0
1446.0
2260
2260
703.0
745.0
655.0
654.0
775.0
1146.0
1023.0
1020.0
888.0
1335.0
2260
2260
787.0
799.0
730.0
750.0
643.5779569892474
167.32222222222222
95.89247311827957
160.70555555555555
204.2311827956989
606.513440860215
1857.9642857142858
2260
752.0
740.0
696.0
723.0
743.0
434.78055555555557
81.7741935483871
135.66944444444445
271.0403225806452
709.8548387096774
2260
2260
742.0
764.0
716.0
807.0
826.0
760.0
715.0
508.7083333333333
665.7096774193549
748.0
2260
2260
799.0
779.0
720.0
924.0
1401.0
1149.0
1005.0
938.0
870.0
1112.0
2260
2260
675.0
658.0
655.0
706.0
659.0
825.0
1033.0
1127.0
1022.0
1648.0
2260
2260
701.0
730.0
706.0
830.0
1133.0
1098.0
945.0
845.0
767.0
1117.0
2260
2260
654.0
649.0
649.0
649.0
649.0
659.0
764.0
937.0
808.0
1224.0
2260
2260
1129.0
1275.0
948.0
1279.0
1357.0
1055.0
1140.0
1055.0
997.0
1337.0
2260
2260
1129.0
950.0
738.0
930.0
1659.0
1624.0
1235.0
1133.0
1006.0
1678.0
2260
2260
882.0
900.0
817.0
1095.0
2038.0
1327.0
1426.0
1194.0
1044.0
1752.0
2260
2260
1261.0
1178.0
1001.0
1042.0
871.0
840.0
783.0
721.0
690.0
