203.0
203.0
478.7231182795699
612
612
389.0361111111111
204.05107526881721
203.0
203.0
203.0
203.0
203.0
203.0
204.0
486.7231182795699
418.4194444444444
225.7258064516129
203.05833333333334
203.0
203.0
203.0
203.0
203.0
203.0
204.0
205.0
315.0
610.3083333333333
339.991935483871
203.56666666666666
203.0
203.0
203.0
203.0
203.0
203.0
204.0
205.0
315.0
383.7083333333333
365.4301075268817
203.80833333333334
203.0
203.0
203.0
203.0
203.0
203.0
203.0
204.0
315.0
203.0
203.0
203.0
203.0
203.0
203.0
203.0
203.0
203.0
204.0
204.0
315.0
203.0
203.0
203.0
203.0
203.0
203.0
203.0
203.0
203.0
204.0
204.0
204.0
203.0
203.0
159.025
40.07795698924731
40.0
40.0
40.0
40.0
40.0
107.04032258064517
204.0
315.0
203.0
418.9516129032258
212.55
203.0188172043011
203.0
203.0
203.0
203.0
203.0
204.0
205.0
498.01881720430106
345.35
203.54032258064515
203.0
203.0
203.0
203.0
203.0
203.0
203.0
204.0
205.0
315.0
203.0
203.0
203.0
203.0
203.0
163.30277777777778
40.0
40.0
40.0
95.3736559139785
203.97321428571428
315.0
203.0
203.0
203.0
203.0
203.0
203.0
83.11559139784946
40.0
40.0
171.88978494623655
204.0
315.0
203.0
203.0
203.0
203.0
203.0
203.0
65.02688172043011
40.0
40.0
185.03494623655914
204.0
315.0
203.0
203.0
203.0
203.0
203.0
203.0
203.0
203.0
203.0
203.0
204.0
315.0
203.0
432.5241935483871
204.74166666666667
203.0
203.0
203.0
203.0
203.0
203.0
204.0
205.0
315.0
203.0
203.0
203.0
203.0
203.0
203.0
203.0
203.0
203.0
204.0
211.67559523809524
612
612
612
274.25555555555553
203.24462365591398
203.0
203.0
203.0
203.0
203.0
203.0
204.0
315.0
203.0
203.0
203.0
203.0
203.0
203.0
203.0
203.0
203.0
204.0
204.0
315.0
203.0
203.0
203.0
203.0
203.0
203.0
203.0
203.0
203.0
204.0
205.0
315.0
203.0
203.0
203.0
203.0
203.0
203.0
203.0
203.0
203.0
203.0
204.0
315.0
203.0
203.0
203.0
203.0
203.0
203.0
70.23387096774194
40.0
40.0
