1132.0
962.4285714285714
918.3870967741935
1020.4666666666667
1364.0645161290322
1557.6666666666667
1345.6774193548388
1005.1935483870968
700.2666666666667
61.51612903225805
339.3
384.06451612903226
528.2258064516129
680.8928571428571
859.1612903225806
1137.5333333333333
1364.516129032258
1347.3333333333333
1123.0645161290322
836.1935483870968
588.9333333333333
385.93548387096774
256.4
254.67741935483872
341.2903225806452
466.14285714285717
658.0
929.2666666666667
1269.3870967741937
1432.6666666666667
1265.0
956.8387096774194
670.3333333333334
438.7741935483871
295.03333333333336
293.258064516129
398.3225806451613
569.6071428571429
1060.0645161290322
1642.5973333333334
1674.9679999999998
1671.5520000000001
1669.6
1672.528
1674.3824
1362.8064516129032
907.5666666666667
664.6774193548387
591.0
638.1428571428571
725.516129032258
790.2666666666667
833.483870967742
859.1333333333333
779.7096774193549
600.5483870967741
419.26666666666665
261.93548387096774
165.23333333333332
176.90322580645162
282.16129032258067
447.14285714285717
800.5806451612904
1217.6
1436.032258064516
1393.5333333333333
1129.516129032258
808.516129032258
545.6666666666666
336.19354838709677
214.7
239.3548387096774
362.0967741935484
498.2142857142857
626.9032258064516
717.1666666666666
753.2258064516129
710.4333333333333
584.741935483871
433.19354838709677
289.06666666666666
157.38709677419354
81.96666666666667
113.48387096774194
220.6451612903226
362.39285714285717
564.8064516129032
950.6333333333333
1512.9354838709678
1665.208
1569.1935483870968
1159.2903225806451
781.8
488.4193548387097
301.53333333333336
265.9032258064516
341.48387096774195
483.14285714285717
721.741935483871
1021.0
1140.8387096774193
975.3666666666667
716.2258064516129
497.64516129032256
319.1
168.70967741935485
77.96666666666667
92.7741935483871
180.5483870967742
284.5
402.2903225806452
584.6666666666666
749.258064516129
707.2
529.2903225806451
362.4193548387097
217.03333333333333
89.29032258064517
14.833333333333334
48.193548387096776
157.48387096774192
277.67857142857144
388.7741935483871
483.03333333333336
567.741935483871
557.6333333333333
441.0
310.03225806451616
185.63333333333333
70.35483870967742
5.4
36.87096774193548
152.25806451612902
316.57142857142856
503.4516129032258
696.5333333333333
906.3548387096774
1006.4666666666667
876.516129032258
634.2258064516129
415.5
236.96774193548387
127.86666666666666
134.0
253.80645161290323
447.39285714285717
874.3225806451613
1539.1
1705.224
1689.12
1691.0720000000001
1561.1612903225807
1084.8
698.0
438.96666666666664
351.1290322580645
408.2903225806452
552.1071428571429
890.7096774193549
1401.6666666666667
1665.554322580645
1666.672
1665.208
1550.032258064516
1075.6
686.1935483870968
432.73333333333335
346.1290322580645
385.7741935483871
481.60714285714283
627.1290322580645
1072.9
1592.6129032258063
1676.5621333333333
1466.8064516129032
1072.5483870967741
725.7333333333333
448.3225806451613
262.7
226.41935483870967
330.258064516129
518.25
970.5806451612904
1576.6
1666.672
1665.208
1664.72
1665.696
1573.8333333333333
1071.3225806451612
699.5666666666667
558.0967741935484
570.516129032258
637.5357142857143
762.258064516129
993.4666666666667
1277.3225806451612
1443.2
1335.6129032258063
1030.6774193548388
717.1
460.48387096774195
292.3333333333333
257.35483870967744
337.5806451612903
493.64285714285717
734.1612903225806
1116.9333333333334
1648.978064516129
1681.8
1701.808
1665.3024516129033
1220.7
798.2903225806451
512.8
404.5806451612903
447.0
589.4285714285714
969.1612903225806
1689.8032
1692.536
1679.3600000000001
1689.608
1679.848
1698.6685333333332
1389.2903225806451
906.3
668.9354838709677
613.2258064516129
665.3571428571429
806.6129032258065
972.3333333333334
1096.4516129032259
1125.8
983.8709677419355
738.4516129032259
511.9666666666667
313.61290322580646
180.6
183.2258064516129
