233.0
252
252
234.0
252
252
252
245.61021505376345
232.0
232.0
236.0
238.0
246.0
252
252
237.0
238.0
232.0
232.0
232.0
231.32222222222222
152.96774193548387
179.22222222222223
205.15322580645162
238.84408602150538
252
252
234.0
234.0
252
241.36290322580646
232.0
234.0
193.5
184.67222222222222
202.74193548387098
242.46236559139786
252
252
241.0
237.0
234.0
232.0
232.0
235.0
168.86290322580646
180.2861111111111
198.73655913978496
234.90322580645162
252
252
233.0
232.0
232.0
232.0
151.6290322580645
158.84444444444443
146.2284946236559
175.28333333333333
191.08602150537635
233.88440860215053
252
252
237.0
237.0
235.0
238.0
161.54569892473117
161.3972222222222
150.11021505376345
183.6888888888889
197.83333333333334
214.22043010752688
252
225.20430107526883
207.4777777777778
183.88709677419354
172.73333333333332
159.0241935483871
145.15591397849462
22.725
0.06182795698924731
13.044444444444444
30.551075268817204
84.13709677419355
237.92559523809524
252
238.0
234.0
232.0
234.0
232.0
238.0
164.28763440860214
181.35
200.53494623655914
252
252
252
234.0
236.0
232.0
232.0
237.0
178.73055555555555
145.2768817204301
177.59722222222223
190.61290322580646
206.69892473118279
252
252
238.0
239.0
226.0222222222222
153.99462365591398
141.7715053763441
151.93055555555554
140.3763440860215
162.61944444444444
31.513440860215052
73.78494623655914
131.90178571428572
239.0268817204301
236.0
236.0
234.0
213.75
148.42741935483872
156.28055555555557
142.68548387096774
172.725
90.06989247311827
108.61021505376344
198.03571428571428
252
236.0
237.0
235.0
184.15322580645162
142.752688172043
152.8111111111111
142.51075268817203
171.85
81.38709677419355
118.3763440860215
195.9702380952381
252
239.0
238.0
235.0
245.0
173.3521505376344
161.59722222222223
150.23924731182797
177.1
205.46236559139786
252
252
252
232.0
232.0
232.0
234.0
232.0
240.0
175.19354838709677
181.21666666666667
200.02956989247312
218.6263440860215
252
252
234.0
235.0
234.0
237.03225806451613
150.2284946236559
159.55555555555554
145.7688172043011
176.70277777777778
213.96505376344086
252
252
252
252
252
252
252
236.8521505376344
232.0
237.0
194.72222222222223
208.64247311827958
246.45967741935485
252
252
252
252
246.0
193.7768817204301
152.85752688172042
163.03333333333333
150.78763440860214
182.4111111111111
195.56182795698925
244.53494623655914
252
252
252
246.0
236.0
245.0
178.57258064516128
164.5388888888889
153.34139784946237
184.16944444444445
198.88440860215053
247.6720430107527
252
252
242.0
243.0
239.0
252
160.3709677419355
163.49722222222223
156.31451612903226
181.67777777777778
201.2311827956989
246.44086021505376
252
252
232.2111111111111
252

236.0
235.0
236.0
237.0
201.06989247311827
185.15833333333333
252
244.34166666666667
239.89247311827958
238.0
252
252
132.35555555555555
246.54032258064515
234.49166666666667
188.10752688172042
181.2688172043011
87.25
0.23387096774193547
10.694444444444445
37.21774193548387
