252
252
252
252
235.0
252
252
245.88978494623655
232.0
232.0
232.0
232.0
252
252
252
252
235.0
232.0
232.0
232.0
226.72222222222223
157.95967741935485
180.2277777777778
204.16129032258064
236.01075268817203
252
252
252
235.0
232.0
232.0
232.0
232.0
200.28225806451613
185.68055555555554
202.74462365591398
239.63172043010752
252
252
252
234.0
232.0
232.0
232.0
232.0
175.7741935483871
181.29444444444445
198.73924731182797
242.06720430107526
252
252
252
235.0
232.0
203.69354838709677
155.7284946236559
163.70555555555555
151.21774193548387
176.29166666666666
191.08870967741936
252
252
252
252
235.0
232.0
209.91397849462365
157.65860215053763
166.25833333333333
154.1048387096774
183.7
197.83333333333334
213.3494623655914
252
222.20430107526883
219.89166666666668
197.86827956989248
173.76388888888889
158.03225806451613
147.40322580645162
122.29444444444445
0.3279569892473118
22.833333333333332
35.556451612903224
88.13978494623656
238.93154761904762
252
252
234.0
232.0
232.0
232.0
232.0
169.1048387096774
182.36111111111111
198.54032258064515
252
252
252
252
234.0
232.0
232.0
232.0
174.17777777777778
151.26344086021504
176.61666666666667
188.61559139784947
203.8951612903226
252
252
250.03333333333333
235.0
229.41666666666666
157.997311827957
147.88440860215053
156.79444444444445
146.36290322580646
172.48888888888888
74.58870967741936
76.88172043010752
132.9077380952381
251.36290322580646
252
235.0
232.0
208.52956989247312
153.55107526881721
161.13888888888889
148.6720430107527
173.73611111111111
106.11559139784946
112.63978494623656
199.04166666666666
252
252
234.0
233.0
170.8279569892473
148.86827956989248
157.67222222222222
148.5
172.86111111111111
83.79301075268818
121.3736559139785
196.97619047619048
252
252
235.0
247.0
233.0
167.71505376344086
165.44166666666666
151.24462365591398
176.10555555555555
203.46505376344086
252
252
252
252
234.0
234.0
232.0
232.0
232.0
180.1263440860215
181.23055555555555
198.03494623655914
215.81989247311827
252
252
252
235.0
233.0
200.96236559139786
155.3494623655914
163.38888888888889
149.76075268817203
175.7138888888889
212.96505376344086
252
252
252
252
252
252
252
236.997311827957
232.0
232.0
206.12222222222223
208.6478494623656
243.6263440860215
252
252
252
235.0
232.0
194.6290322580645
157.00537634408602
164.80555555555554
151.78763440860214
181.4138888888889
193.56720430107526
240.7311827956989
252
252
252
235.0
232.0
232.0
177.33064516129033
168.36944444444444
153.3494623655914
180.18333333333334
195.88440860215053
243.86559139784947
252
252
252
234.0
232.0
231.84677419354838
160.48655913978496
166.29722222222222
153.33333333333334
178.68055555555554
197.23387096774192
241.66935483870967
252
252
241.75833333333333
236.0
231.4388888888889
161.16935483870967
149.70698924731184
158.3527777777778
149.5483870967742
175.22222222222223
197.18817204301075
