1123.0
2260
2260
519.0
0.0
0.0
0.0
0.0
0.0
0.0
0.0
0.0
833.0
2260
2260
585.0
0.0
0.0
0.0
0.0
0.0
0.0
0.0
0.0
853.0
2260
2260
774.0
0.0
0.0
0.0
0.0
0.0
0.0
0.0
0.0
980.0833333333334
2260
2260
785.0
0.0
166.6861111111111
1366.3790322580646
1502.0833333333333
1516.6555555555556
1482.6075268817203
1293.8055555555557
1994.5860215053763
2260
2260
2260
1009.0
0.0
0.0
0.0
0.0
0.0
0.0
0.0
267.78494623655916
1144.284946236559
2260
2260
1027.0
0.0
0.0
0.0
0.0
0.0
0.0
0.0
0.0
771.0
2260
2260
748.0
0.0
0.0
0.0
0.0
0.0
0.0
0.0
0.0
784.0
2260
2260
752.0
0.0
0.0
0.0
0.0
0.0
0.0
0.0
388.5698924731183
1589.3306451612902
2260
2260
641.0
0.0
0.0
0.0
0.0
0.0
0.0
0.0
0.0
794.0
2260
2260
920.0
0.0
0.0
0.0
0.0
0.0
0.0
0.0
0.0
708.0
2260
2260
618.0
0.0
0.0
0.0
0.0
0.0
0.0
0.0
0.0
590.0
2260
2260
503.0
0.0
0.0
0.0
0.0
0.0
0.0
0.0
0.0
640.0
2260
2260
607.0
0.0
0.0
0.0
0.0
0.0
0.0
0.0
0.0
807.0
2260
2260
810.0
0.0
0.0
0.0
0.0
0.0
0.0
0.0
491.9516129032258
828.0
2260
2260
876.0
0.0
0.0
0.0
0.0
0.0
0.0
0.0
0.0
816.0
2260
2260
511.0
0.0
0.0
1086.239247311828
1770.983870967742
1698.3138888888889
1423.6962365591398
1110.2027777777778
995.5591397849462
1429.2903225806451
2260
2260
837.0
0.0
0.0
0.0
0.0
5.883333333333334
418.2043010752688
586.8305555555555
736.8306451612904
1243.8736559139784
2260
2260
1059.0
0.0
0.0
0.0
0.0
414.63055555555553
1059.7123655913979
946.0861111111111
1043.1290322580646
1474.6774193548388
2260
2260
1035.0
0.0
0.0
0.0
0.0
1123.725
1553.1801075268818
1346.8694444444445
1471.0752688172042
1861.478494623656
2260
2260
1074.0
0.0
0.0
0.0
0.0
0.0
0.0
0.0
0.0
