233.0
252
252
230.0
252
252
252
245.09408602150538
228.0
376344086022
252
252
252
252
252
252
252
252
245.38172043010752
226.5268817204301
231.1888888888889
225.82258064516128
239.20555555555555
235.22043010752688
250.88978494623655
252
252
252
252
252
252
224.9811827956989
231.4388888888889
218.85752688172042
231.68333333333334
252
252
252
252
249.19722222222222
252
252
252
227.91397849462365
232.1
218.2983870967742
223.3111111111111
235.74462365591398
252
252
252
252
252
247.40277777777777
231.99193548387098
217.84139784946237
225.44444444444446
213.11290322580646
215.31666666666666
224.09677419354838
252
252
252
227.2861111111111
252
212.0888888888889
222.94892473118279
213.02956989247312
221.76944444444445
203.03494623655914
206.74722222222223
211.8521505376344
217.56720430107526
252
179.36827956989248
172.88611111111112
147.93010752688173
160.68333333333334
179.9247311827957
143.9516129032258
166.99444444444444
80.73387096774194
41.78333333333333
50.55913978494624
98.15322580645162
241.95238095238096
252
252
252
252
252
230.05107526881721
231.9111111111111
218.41129032258064
225.375
237.54569892473117
252
252
252
252
252
252
228.99462365591398
216.29301075268816
223.175
210.16666666666666
214.63888888888889
217.63172043010752
217.80107526881721
252
243.68548387096774
192.8138888888889
252
117.00555555555556
183.76612903225808
175.23655913978496
162.76944444444445
169.28225806451613
163.57777777777778
187.11290322580646
123.00268817204301
136.02083333333334
236.3548387096774
203.34722222222223
252
193.43333333333334
174.63978494623655
194.34677419354838
184.67777777777778
159.68548387096774
173.76111111111112
185.04301075268816
252
238.99404761904762
196.56182795698925
169.37777777777777
252
203.23333333333332
198.0
186.8521505376344
174.99722222222223
182.4005376344086
172.94722222222222
199.63978494623655
252
252
252
252
252
247.59722222222223
232.7715053763441
219.11290322580646
224.06944444444446
212.13440860215053
213.13611111111112
235.47043010752688
252
252
252
252
252
252
252
232.00806451612902
234.8388888888889
218.75806451612902
224.24444444444444
237.03494623655914
248.06451612903226
252
252
252
252
235.40833333333333
229.002688172043
215.5268817204301
223.0638888888889
208.66129032258064
205.76388888888889
232.98655913978496
252
252
252
252
252
252
252
252
240.22222222222223
221.63172043010752
234.17777777777778
247.6478494623656
252
252
252
252
252
242.94444444444446
232.8494623655914
218.15591397849462
225.50833333333333
213.68010752688173
222.43333333333334
226.5779569892473
252
252
252
252
252
250.5888888888889
236.91129032258064
222.5
225.98611111111111
210.25537634408602
219.19444444444446
231.88440860215053
252
252
252
252
252
240.91666666666666
235.20698924731184
220.66397849462365
224.94166666666666
214.2231182795699
217.70277777777778
233.23387096774192
252
252
252
245.98611111111111
252
227.34166666666667
219.08870967741936
206.99193548387098
211.8111111111111
65.46236559139786
41.452777777777776
58.225806451612904
