233.6720430107527
275.0357142857143
272.5779569892473
229.85
267.5806451612903
487.0
487.0
253.75806451612902
226.05
232.7231182795699
237.45
234.11290322580646
254.09677419354838
264.04761904761904
264.0376344086022
239.35
235.06451612903226
226.05
242.76344086021504
231.7741935483871
225.1472222222222
157.63978494623655
175.23333333333332
203.2258064516129
238.73387096774192
291.6666666666667
280.4301075268817
245.01666666666668
223.6451612903226
264.94166666666666
241.81720430107526
230.8252688172043
230.8
200.34677419354838
177.50555555555556
204.18548387096774
246.19892473118279
299.8333333333333
278.27150537634407
236.58055555555555
243.16129032258064
231.75
231.7741935483871
230.8252688172043
234.6
175.6021505376344
174.97222222222223
200.752688172043
237.46774193548387
259.89285714285717
263.5806451612903
229.85
230.8252688172043
238.38611111111112
230.8252688172043
148.2258064516129
165.33333333333334
136.29032258064515
177.66666666666666
195.96774193548387
235.56989247311827
262.73214285714283
272.0967741935484
237.45
244.11021505376345
232.7
235.06451612903226
160.55107526881721
161.025
153.75806451612902
182.68333333333334
199.38709677419354
207.44892473118279
265.95238095238096
229.51612903225808
212.2
184.05107526881721
170.45
156.25
146.4731182795699
36.111111111111114
0.08064516129032258
10.938888888888888
21.922043010752688
81.4758064516129
232.22619047619048
279.4758064516129
240.3
236.5188172043011
227.0
236.5188172043011
231.7741935483871
241.25
158.28225806451613
182.96666666666667
200.96774193548387
273.28225806451616
296.375
265.93548387096774
230.8
241.26344086021504
226.05
242.76344086021504
233.16129032258064
172.55
154.3790322580645
170.13888888888889
198.08064516129033
202.20430107526883
289.19642857142856
267.4193548387097
240.3
236.01612903225808
222.2888888888889
158.8709677419355
145.0241935483871
145.51388888888889
139.2016129032258
167.26111111111112
30.86021505376344
71.58333333333333
128.28571428571428
237.91935483870967
236.5
240.31451612903226
230.8
214.58333333333334
145.99462365591398
156.86666666666667
150.16129032258064
167.26111111111112
89.52956989247312
106.35483870967742
207.25
257.9032258064516
246.9111111111111
231.25806451612902
233.65
189.41935483870967
143.81720430107526
152.3
142.11290322580646
168.225
78.58064516129032
121.20161290322581
192.44642857142858
271.6290322580645
241.25
233.16129032258064
233.65
250.29032258064515
164.17741935483872
161.35555555555555
152.42741935483872
184.9
196.15591397849462
258.48118279569894
286.33035714285717
272.0967741935484
239.33333333333334
231.7741935483871
226.05
236.5188172043011
231.7741935483871
233.72222222222223
179.95967741935485
182.77777777777777
201.65860215053763
214.96774193548387
301.7559523809524
277.31182795698925
242.175
227.4516129032258
231.75
238.8709677419355
156.25806451612902
155.48888888888888
145.59677419354838
174.26666666666668
220.30913978494624
246.68817204301075
273.3154761904762
346.59139784946234
312.40277777777777
487.0
487.0
456.752688172043
242.76344086021504
227.0
243.16129032258064
184.9
213.19354838709677
247.3709677419355
284.41964285714283
282.64516129032256
254.88888888888889
255.0483870967742
247.0611111111111
196.36559139784947
147.5483870967742
174.02777777777777
145.45698924731184
186.23055555555555
186.93548387096774
249.08602150537635
305.32142857142856
297.40860215053766
253.93333333333334
241.30376344086022
235.55
250.29032258064515
183.06451612903226
157.03333333333333
156.25
183.75
200.69354838709677
242.1021505376344
304.0416666666667
286.1559139784946
238.48611111111111
247.43548387096774
232.76944444444445
257.5268817204301
171.0
157.66666666666666
155.44086021505376
178.4
204.55376344086022
239.2741935483871
319.0595238095238
294.3037634408602
232.80555555555554
255.30107526881721
204.8527777777778
157.30645161290323
148.68279569892474
161.025
138.9516129032258
172.08055555555555
91.49193548387096
