1132.0
962.4285714285714
918.3870967741935
1020.4666666666667
1362.9354838709678
1545.6333333333334
1350.1290322580646
1008.1612903225807
702.1333333333333
464.48387096774195
341.6333333333333
385.61290322580646
529.2258064516129
681.4642857142857
859.6774193548387
1137.9
1364.8709677419354
1348.0
1123.8709677419354
837.1612903225806
590.6333333333333
387.51612903225805
257.8333333333333
255.74193548387098
342.0
466.4642857142857
658.2903225806451
929.5333333333333
1269.6451612903227
1433.2666666666667
1265.7096774193549
957.741935483871
671.8666666666667
440.51612903225805
296.46666666666664
294.3225806451613
399.0967741935484
569.8571428571429
1060.3870967741937
1668.5752
1556.0
1548.0
1548.0
1548.0
1548.0
1511.1935483870968
1110.8666666666666
798.4193548387096
677.2258064516129
694.9642857142857
763.0645161290323
814.5666666666667
849.6451612903226
869.7666666666667
786.9677419354839
606.0645161290323
423.8
265.51612903225805
167.93333333333334
178.74193548387098
283.35483870967744
447.85714285714283
801.0322580645161
1218.0333333333333
1436.516129032258
1394.1666666666667
1130.1935483870968
809.741935483871
547.5333333333333
338.19354838709677
216.5
240.67741935483872
363.06451612903226
498.82142857142856
627.258064516129
717.5
753.5806451612904
711.0666666666667
585.6451612903226
434.61290322580646
290.96666666666664
159.61290322580646
83.96666666666667
114.83870967741936
221.5483870967742
363.0357142857143
565.2903225806451
950.8333333333334
1463.225806451613
1549.0
1541.3225806451612
1235.4516129032259
833.6
522.741935483871
324.3333333333333
280.9032258064516
351.1290322580645
489.57142857142856
725.8387096774194
1023.7333333333333
1142.7096774193549
977.1333333333333
718.1935483870968
499.7096774193548
321.53333333333336
171.16129032258064
80.1
94.38709677419355
181.5483870967742
285.14285714285717
402.8709677419355
585.1
749.9677419354839
708.0333333333333
530.6129032258065
364.03225806451616
219.16666666666666
91.51612903225806
16.666666666666668
49.67741935483871
158.48387096774192
278.2857142857143
389.5483870967742
483.6666666666667
568.258064516129
558.5
442.2903225806452
311.5806451612903
187.86666666666667
72.61290322580645
6.633333333333334
38.354838709677416
153.41935483870967
317.35714285714283
503.93548387096774
696.8666666666667
906.8064516129032
1007.1333333333334
877.3225806451613
635.3870967741935
417.26666666666665
238.96774193548387
129.7
135.38709677419354
254.74193548387098
447.92857142857144
874.8387096774194
1545.7666666666667
1559.0
1608.0
1550.0
1548.0
1276.0333333333333
826.1612903225806
522.4
405.4193548387097
443.38709677419354
575.2857142857143
905.9032258064516
1411.1333333333334
1556.0
1555.0
1549.0
1545.4516129032259
1229.6333333333334
789.1935483870968
500.0
389.8709677419355
413.96774193548384
500.1428571428572
639.4516129032259
1080.7666666666667
1530.3870967741937
1549.0
1503.8387096774193
1143.5483870967741
773.7333333333333
480.3225806451613
283.93333333333334
240.32258064516128
339.19354838709677
524.3214285714286
974.516129032258
1625.9
1556.0
1548.0
1548.0
1548.0
1548.0
1263.1290322580646
827.2666666666667
641.1290322580645
624.1935483870968
672.75
785.6451612903226
1008.4666666666667
1287.0967741935483
1450.0333333333333
1340.258064516129
1034.3225806451612
720.4666666666667
463.38709677419354
294.5
258.9032258064516
338.5806451612903
494.42857142857144
734.741935483871
1117.1333333333334
1530.032258064516
1549.0
1548.0
1548.0
1426.9
961.6774193548387
619.1666666666666
473.8709677419355
491.6774193548387
618.8571428571429
988.3548387096774
1688.9573333333333
1556.0
1548.0
1548.0
1548.0
1548.0
1540.6129032258063
1192.8666666666666
858.1290322580645
735.3225806451613
745.8928571428571
859.6451612903226
1006.7
1118.6129032258063
1140.4
994.1935483870968
745.7741935483871
517.7
318.35483870967744
184.13333333333333
185.61290322580646
