1132.0
962.4285714285714
918.3870967741935
1020.4666666666667
1355.0645161290322
1501.0
1365.0
1020.7741935483871
710.4333333333333
469.9032258064516
345.0
388.0
530.6451612903226
682.3928571428571
860.2258064516129
1138.4
1365.1935483870968
1348.1666666666667
1123.9354838709678
837.258064516129
590.7
387.741935483871
258.1666666666667
255.96774193548387
342.0967741935484
466.5357142857143
658.3225806451613
929.6
1269.6774193548388
1433.2666666666667
1265.741935483871
957.741935483871
671.8666666666667
440.64516129032256
296.8
294.5806451612903
399.16129032258067
570.0714285714286
1060.3870967741937
1520.4
1516.0
1508.0
1502.0
1502.0
1511.0
1519.483870967742
1238.7
883.5806451612904
732.258064516129
731.2142857142857
787.0
830.1333333333333
859.5806451612904
876.3333333333334
791.1935483870968
608.741935483871
425.56666666666666
266.8709677419355
168.96666666666667
179.38709677419354
283.80645161290323
448.17857142857144
801.1612903225806
1218.1333333333334
1436.5483870967741
1394.2333333333333
1130.2903225806451
809.741935483871
547.5333333333333
338.35483870967744
217.0
240.83870967741936
363.1290322580645
498.89285714285717
627.3225806451613
717.5
753.6129032258065
711.1
585.6451612903226
434.64516129032256
290.96666666666664
159.83870967741936
84.13333333333334
115.12903225806451
221.6451612903226
363.10714285714283
565.2903225806451
950.9
1438.483870967742
1503.0
1509.0
1270.4516129032259
857.1666666666666
538.1612903225806
334.53333333333336
287.51612903225805
355.38709677419354
492.4642857142857
727.7741935483871
1024.8
1143.5483870967741
977.5666666666667
718.4193548387096
499.83870967741933
321.8
171.41935483870967
80.4
94.64516129032258
181.67741935483872
285.2857142857143
402.9032258064516
585.2
749.9677419354839
708.0333333333333
530.6451612903226
364.03225806451616
219.16666666666666
91.70967741935483
17.1
49.83870967741935
158.58064516129033
278.32142857142856
389.5483870967742
483.7
568.2903225806451
558.5
442.35483870967744
311.5806451612903
187.86666666666667
72.87096774193549
6.766666666666667
38.58064516129032
153.5483870967742
317.4642857142857
504.0
696.9333333333333
906.8064516129032
1007.1333333333334
877.3225806451613
635.3870967741935
417.26666666666665
239.19354838709677
129.96666666666667
135.4516129032258
254.90322580645164
448.0357142857143
874.8709677419355
1441.8333333333333
1518.0
1510.0
1538.0
1602.0
1341.0666666666666
871.9677419354839
552.3666666666667
424.7741935483871
455.93548387096774
583.4285714285714
911.258064516129
1387.0333333333333
1502.0
1502.0
1509.0
1502.0
1304.3
841.7096774193549
534.0666666666667
412.2258064516129
428.258064516129
509.7142857142858
645.6451612903226
1084.7666666666667
1499.2903225806451
1509.0
1503.741935483871
1170.3225806451612
791.4666666666667
492.03225806451616
291.6333333333333
245.38709677419354
342.51612903225805
526.4285714285714
975.9032258064516
1468.0
1501.0
1501.0
1501.0
1501.0
1502.0
1375.3225806451612
926.3
705.5806451612904
665.741935483871
700.25
803.741935483871
1020.0333333333333
1294.483870967742
1454.9
1343.5483870967741
1036.4516129032259
721.8666666666667
464.4193548387097
295.3666666666667
259.51612903225805
338.80645161290323
494.60714285714283
734.9032258064516
1117.2666666666667
1516.483870967742
1513.0
1539.0
1636.0
1434.1666666666667
948.6451612903226
610.8666666666667
468.4193548387097
488.19354838709677
616.5714285714286
986.9354838709677
1495.7333333333333
1535.0
1523.0
1561.0
1663.2559999999999
1592.0
1590.0
1204.4
865.7741935483871
740.3548387096774
748.8928571428571
861.7741935483871
1008.2333333333333
1119.4193548387098
06451612904
683.3571428571429
818.4193548387096
980.0333333333333
1101.5483870967741
1129.3333333333333
986.7096774193549
740.9354838709677
514.5
316.35483870967744
182.96666666666667
184.7741935483871
