1824.413629629629
2170.410857142857
2202.304451612903
2037.6027916666671
2135.342290322581
1984.589833333333
1967.2785806451611
1819.4324516129032
1921.7081
6.867
2120.3198
2112.590580645161
2041.440451612903
2846.691678571429
2542.783225806452
2415.754366666667
2298.849483870968
2313.4911
2174.192129032258
1962.93664516129
1731.790533333334
1742.923903225806
1502.3536
1062.454677419355
863.027774193548
2638.9705
2731.184741935484
2338.789333333333
2314.019548387097
2177.020633333333
2089.927548387097
1948.499096774194
1747.671966666667
1509.009903225806
1350.032133333333
1198.2766129032261
430.319387096774
2828.878846153846
2768.334375
2528.175074074074
2516.427
2511.190533333333
2451.654161290323
2369.986806451613
2290.380333333333
2071.870489614984
2236.138
2309.590774193548
2287.490454545455
2680.7487499999997
2533.984451612903
2496.1411222222223
2668.891580645161
2393.4396555555554
2331.930548387097
2153.314451612903
2003.9300666666668
1906.933935483871
1780.2537
1849.622
1443.5502580645161
2496.7876071428573
2583.3741935483868
1926.0032
2180.0481290322577
2226.755266666666
2137.835064516129
1888.365838709677
1641.1465
1498.012451612903
1403.706066666667
1896.994935483871
1003.504451612903
2250.5555
2144.7437096774192
987.5477333333329
1101.5936129032261
253.36810000000003
593.683161290323
814.932548387097
839.138266666667
1260.231032258065
1060.183033333333
1515.233612903226
612.138896551724
2527.284428571429
2286.089322580645
2001.254333333333
2013.615677419355
2025.971366666667
1981.0965806451609
1944.395870967742
1891.1098
1864.643516129032
1893.103433333333
1911.20264516129
1868.756258064516
2317.1615
2197.245451612903
2100.530066666667
2026.4470000000001
2019.4073666666668
1971.249290322581
1930.073064516129
1825.386566666667
1687.186580645161
1402.8314
1457.315193548387
1072.36864516129
2171.667857142857
2018.2441290322581
293.934066666667
1124.469225806452
1102.3405
219.51464516129
887.644967741936
307.4487
715.450225806452
1053.5092
1508.4661290322579
515.670580645161
2324.634607142857
2384.301645161291
1339.91265
971.9793911550469
1863.0000166666669
1086.492
433.34848387096804
757.082533333333
669.303967741935
1160.371366666667
1486.782516129032
730.712193548387
2844.59515384615
2421.907483870968
1969.6499
1611.1559
1772.0000166666669
1129.288903225807
1564.246439125911
942.6506039506171
986.734741935484
1309.7213
1590.359483870968
973.49664516129
2710.461107142857
2519.821032258064
2203.337633333333
2090.318806451613
2116.926266666667
2092.381419354839
2099.856870967742
1952.586066666667
1901.419709677419
2029.3589000000002
2006.45135483871
2339.691225806452
2869.607928571429
2736.191612903226
2684.2186
2550.26264516129
2496.1404666666667
2428.011612903226
2413.276903225807
2289.762733333333
2263.075935483871
2279.683166666667
2333.413935483871
2269.195677419355
2672.0727500000003
2672.4972258064518
2349.169666666667
2332.525064516129
2265.7102
2278.090483870968
2200.927161290323
1863.6691
1672.985967741935
1845.690133333333
1751.169419354839
1594.500096774194
3162.36003571429
3029.419
2678.9255000000003
2534.824290322581
2470.795933333333
2433.517580645161
2428.1243225806447
2352.265185185185
2266.656838709678
2306.567033333333
2432.517838709677
2634.0990967741927
2905.01346428571
2712.255967741936
2589.266333333333
2488.259225806452
2476.983666666667
2411.932935483871
2365.778290322581
2316.3270666666667
2162.526903225807
2256.4195333333328
2296.503258064516
2357.04638709677
2856.499892857143
2771.203161290322
2537.460933333333
2558.673225806452
2625.697433333333
2534.206161290323
2454.422838709678
2386.6987
2324.60435483871
2255.9355
2217.728225806452
2139.29635483871
2810.761892857143
2742.543161290323
2263.572866666667
2470.8304193548393
2470.909533333334
2384.324774193548
2350.932774193548
2252.5627
2219.729451612903
2260.207166666667
2456.047516129032
2536.792290322581
2608.2675
2729.387612903226
2410.2844999999998
2278.780612903226
2260.195733333333
2142.4069032258058
2098.032709677419
2060.673333333333
2036.106838709677
1827.463433333333
2168.073516129032
