1434.413629629629
5949.410857142857
5444.304451612903
1516.6027916666671
1375.342290322581
1312.589833333333
1230.2785806451611
1152.4324516129032
1093.7081
1059.867
1172.3198
1307.590580645161
1614.440451612903
4618.691678571429
4420.783225806452
1444.754366666667
1416.849483870968
1249.4911
1158.192129032258
1090.93664516129
1074.790533333334
1145.923903225806
1117.3536
1179.454677419355
1609.0277741935479
5317.9705
6605.1847419354835
1343.7893333333332
1310.019548387097
1183.020633333333
1063.927548387097
1002.499096774194
990.671966666667
1042.009903225806
1251.032133333333
1213.2766129032261
1744.3193870967739
5904.878846153846
5267.334375
1643.175074074074
1542.4270000000001
1472.190533333333
1366.654161290323
1300.9868064516131
1304.380333333333
1177.870489614984
1285.138
1328.590774193548
1937.3694868035195
5047.74875
5653.984451612903
1423.735566666667
1820.0797526881715
1760.672988888889
1352.7477526881723
1093.854774193548
1036.930066666667
984.933935483871
978.2537
1001.6220000000001
1283.5502580645161
5213.787607142857
6891.374193548387
1500.0032
1471.048129032258
1389.755266666666
1359.835064516129
1360.365838709677
1262.1465
1232.012451612903
1247.706066666667
1294.994935483871
1553.504451612903
4548.5555
4758.743709677419
2043.5477333333329
2024.5936129032261
1738.3681000000001
1421.683161290323
1200.932548387097
1052.138266666667
829.2310322580649
841.183033333333
950.233612903226
1629.138896551724
4931.284428571429
4649.089322580645
1093.254333333333
956.615677419355
931.971366666667
937.096580645161
867.395870967742
955.1098
1187.643516129032
1118.103433333333
1145.20264516129
1837.756258064516
5672.1615
4537.245451612903
1039.530066666667
1021.4470000000001
932.407366666667
909.2492903225809
1031.073064516129
1370.386566666667
1222.186580645161
1253.8314
1180.315193548387
1949.36864516129
4895.6678571428565
3899.0693978494623
1131.934066666667
1107.469225806452
1031.3405
1036.51464516129
895.2229247311834
384.7709222222222
292.34269892473156
378.2147555555556
584.6973118279569
1127.184021505376
2469.598892857143
3204.1161612903234
1262.91265
1429.9793911550469
1360.0000166666669
1068.492
1040.348483870968
693.8630888888886
325.0781612903221
382.04081111111145
709.8228387096772
1444.5670322580645
3592.59515384615
3317.2461935483875
1424.6499
1252.1559
1380.0000166666669
1406.288903225807
1353.246439125911
1185.650603950617
982.734741935484
791.4296333333333
1169.0691612903229
1577.49664516129
4728.461107142857
4426.8210322580635
1365.337633333333
1234.318806451613
1151.926266666667
1344.381419354839
1812.856870967742
1504.586066666667
1344.419709677419
1315.3589
1440.45135483871
2048.691225806452
6400.6079285714295
5896.191612903226
1619.2186000000002
1450.26264516129
1393.140466666667
1377.011612903226
1329.276903225807
1378.762733333333
1567.075935483871
1669.6831666666671
1622.413935483871
2312.195677419355
5591.07275
5167.497225806452
1402.1696666666671
1345.525064516129
1266.7102
1420.090483870968
1665.927161290323
1579.6691
1390.985967741935
1429.690133333333
1586.169419354839
1938.500096774194
5622.36003571429
3773.419
1576.9255
1425.824290322581
1357.7959333333329
1324.5175806451612
1328.124322580645
1268.2651851851851
1295.6568387096781
1492.567033333333
1493.517838709677
2182.0990967741927
5657.01346428571
5764.255967741936
1961.266333333333
2013.259225806452
1687.983666666667
1974.932935483871
2012.7782903225811
1674.327066666667
1720.526903225807
1661.419533333333
1678.503258064516
2357.04638709677
6535.499892857143
5445.203161290322
2100.460933333333
1859.6732258064521
1651.697433333333
1823.206161290323
2506.422838709678
2361.6987
1895.6043548387102
1831.9355
1770.728225806452
2517.29635483871
5616.761892857143
5551.543161290323
1688.5728666666669
1693.830419354839
1569.909533333334
1801.324774193548
2684.932774193548
1943.5627
1987.7294516129032
1799.207166666667
1896.047516129032
2714.792290322581
6059.2675
6581.387612903226
1962.2845
1803.780612903226
1621.195733333333
1659.406903225806
1430.032709677419
1347.673333333333
1275.106838709677
1248.463433333333
1449.073516129032
