1865.413629629629
8537.410857142857
7216.304451612903
1283.6027916666671
655.342290322581
611.589833333333
505.278580645161
389.43245161290304
276.7081
160.86700000000002
265.3198
472.590580645161
1471.440451612903
7346.691678571429
6975.783225806452
1200.754366666667
555.849483870968
539.4911
424.192129032258
293.93664516129
108.790533333334
28.923903225805986
50.35359999999997
287.454677419355
1311.0277741935479
7905.9705
8694.184741935484
1358.7893333333332
548.019548387097
451.02063333333297
313.927548387097
199.49909677419402
63.671966666667004
0.009903225805999227
66.03213333333298
309.276612903226
1412.4027204301074
7704.878846153846
8141.334375
1524.175074074074
729.427
776.8766444444441
2041.0331935483878
2105.070139784946
2044.0358888888886
1811.4780164967044
1799.9435555555556
2613.1767956989243
3700.8667986314767
7967.74875
8631.984451612903
1699.735566666667
636.689967741935
581.5341
519.930548387097
297.314451612903
183.93006666666702
58.93393548387098
129.25369999999998
566.4069462365592
1718.835204301075
7108.787607142857
9049.374193548387
1721.0032
640.048129032258
622.755266666666
488.835064516129
371.36583870967695
251.1465
208.01245161290302
286.706066666667
452.994935483871
1236.504451612903
7109.5555
7639.743709677419
1150.5477333333329
250.59361290322602
202.36810000000003
4.6831612903229995
0.9325483870970004
0.1382666666669934
0.2310322580649995
0.1830333333329861
162.233612903226
1396.138896551724
7685.284428571429
8285.089322580645
1001.2543333333331
118.615677419355
155.971366666667
70.096580645161
0.39587096774201314
0.109800000000007
0.6435161290320082
0.10343333333298688
582.7725376344083
1979.0869032258063
7302.1615
7101.245451612903
919.5300666666669
145.447
168.40736666666697
107.24929032258098
63.07306451612902
0.3865666666670222
0.18658064516097284
0.8313999999999737
214.31519354838701
1404.36864516129
7312.6678571428565
8364.244129032259
1222.934066666667
187.46922580645202
198.34050000000002
151.51464516129
54.644967741936
0.4486999999999739
0.4502258064520106
0.5092000000000212
316.466129032258
1223.670580645161
7119.634607142857
7067.301645161291
1075.91265
628.979391155047
612.000016666667
228.49200000000002
123.34848387096798
6.082533333333004
0.3039677419350255
9.371366666666972
381.782516129032
1320.712193548387
7081.59515384615
6741.907483870968
1130.6499
404.1559
612.000016666667
525.288903225807
417.246439125911
253.65060395061698
0.7347419354840099
72.72129999999999
453.359483870968
1465.49664516129
7719.461107142857
7255.8210322580635
1121.337633333333
366.318806451613
355.926266666667
320.381419354839
278.856870967742
157.58606666666702
87.41970967741901
210.3589
525.45135483871
1740.6912258064522
8606.60792857143
9246.191612903225
1721.2186000000002
739.26264516129
692.140466666667
605.011612903226
582.276903225807
414.762733333333
355.07593548387104
417.68316666666703
1068.3655483870969
1488.195677419355
7795.07275
9040.497225806452
1542.1696666666671
547.525064516129
500.7102
515.090483870968
424.92716129032306
325.66909999999996
239.98596774193504
467.69013333333305
787.169419354839
1633.500096774194
8431.36003571429
8585.419
1384.9255
722.824290322581
660.795933333333
1716.7568279569891
2418.108193548387
2266.579074074074
1899.353075268818
1626.7698111111108
1667.0769784946233
2385.389419354838
7911.01346428571
8125.255967741936
1635.266333333333
681.259225806452
693.983666666667
631.932935483871
566.778290322581
494.2104000000003
840.7312043010759
1131.2500888888885
1401.3339032258064
2261.9200430107485
7714.499892857143
8859.203161290323
2004.4609333333328
863.673225806452
876.697433333333
843.206161290323
778.422838709678
997.3292555555556
1649.316720430108
1605.0216111111113
1795.8572580645166
2311.9737741935487
7374.761892857143
8740.543161290323
1812.5728666666669
740.830419354839
706.909533333334
643.324774193548
556.932774193548
1672.2876999999999
2065.9095591397845
1923.0766111111116
2315.122784946236
2823.2707849462367
7167.2675
8833.387612903225
1746.2845
558.780612903226
565.195733333333
545.406903225806
455.032709677419
357.67333333333295
301.10683870967705
399.463433333333
725.073516129032
